POLYGON  (( 103.61091316 1.25323908 , 103.61085809 1.25284734 , 103.60832898 1.2532027 , 103.60838405 1.25359444 , 103.61091316 1.25323908 ))
POLYGON  (( 103.67445101 1.29296506 , 103.67431947 1.29284243 , 103.67336883 1.29386161 , 103.67350037 1.29398424 , 103.67445101 1.29296506 ))
POLYGON  (( 103.68698806 1.29140986 , 103.68688565 1.29179197 , 103.6890486 1.29237138 , 103.68915101 1.29198927 , 103.68698806 1.29140986 ))
POLYGON  (( 103.6937629 1.29354392 , 103.69381797 1.29315218 , 103.6915916 1.29283937 , 103.69153653 1.29323111 , 103.6937629 1.29354392 ))
POLYGON  (( 103.69936317 1.28668188 , 103.69950549 1.28654448 , 103.69859343 1.28560025 , 103.69845111 1.28573765 , 103.69936317 1.28668188 ))
POLYGON  (( 103.71939943 1.29401316 , 103.7193209 1.2936438 , 103.71717457 1.29409991 , 103.7172531 1.29446926 , 103.71939943 1.29401316 ))
POLYGON  (( 103.71953727 1.30536365 , 103.71936386 1.30515704 , 103.71812383 1.30619728 , 103.71829724 1.30640389 , 103.71953727 1.30536365 ))
POLYGON  (( 103.72044413 1.30423102 , 103.7206026 1.30442666 , 103.72185361 1.30341387 , 103.72169514 1.30321823 , 103.72044413 1.30423102 ))
POLYGON  (( 103.72097242 1.29918764 , 103.72098686 1.29960096 , 103.72264056 1.29954322 , 103.72262612 1.2991299 , 103.72097242 1.29918764 ))
POLYGON  (( 103.61091316 1.25323908 , 103.61085809 1.25284734 , 103.60832898 1.2532027 , 103.60838405 1.25359444 , 103.61091316 1.25323908 ))
