POLYGON  (( 103.61091316 1.25323908 , 103.61085809 1.25284734 , 103.60832898 1.2532027 , 103.60838405 1.25359444 , 103.61091316 1.25323908 ))
POLYGON  (( 103.67445101 1.29296506 , 103.67431947 1.29284243 , 103.67336883 1.29386161 , 103.67350037 1.29398424 , 103.67445101 1.29296506 ))
POLYGON  (( 103.68698806 1.29140986 , 103.68688565 1.29179197 , 103.6890486 1.29237138 , 103.68915101 1.29198927 , 103.68698806 1.29140986 ))
POLYGON  (( 103.6937629 1.29354392 , 103.69381797 1.29315218 , 103.6915916 1.29283937 , 103.69153653 1.29323111 , 103.6937629 1.29354392 ))
POLYGON  (( 103.69936317 1.28668188 , 103.69950549 1.28654448 , 103.69859343 1.28560025 , 103.69845111 1.28573765 , 103.69936317 1.28668188 ))
POLYGON  (( 103.71939943 1.29401316 , 103.7193209 1.2936438 , 103.71717457 1.29409991 , 103.7172531 1.29446926 , 103.71939943 1.29401316 ))
POLYGON  (( 103.71953727 1.30536365 , 103.71936386 1.30515704 , 103.71812383 1.30619728 , 103.71829724 1.30640389 , 103.71953727 1.30536365 ))
POLYGON  (( 103.72044413 1.30423102 , 103.7206026 1.30442666 , 103.72185361 1.30341387 , 103.72169514 1.30321823 , 103.72044413 1.30423102 ))
POLYGON  (( 103.7209754 1.299273 , 103.72098388 1.2995156 , 103.72263758 1.29945786 , 103.7226291 1.29921526 , 103.7209754 1.299273 ))
POLYGON  (( 103.73687184 1.23739696 , 103.73691686 1.2371128 , 103.73529144 1.23685542 , 103.73524643 1.23713958 , 103.73687184 1.23739696 ))
POLYGON  (( 103.73845429 1.23843328 , 103.73850685 1.23805934 , 103.73630725 1.23775028 , 103.73625469 1.23812421 , 103.73845429 1.23843328 ))
POLYGON  (( 103.742952 1.23875192 , 103.74290698 1.23903608 , 103.7445324 1.23929346 , 103.74457742 1.2390093 , 103.742952 1.23875192 ))
POLYGON  (( 103.74678198 1.23972994 , 103.7468365 1.23921133 , 103.7438583 1.23889839 , 103.74380378 1.23941699 , 103.74678198 1.23972994 ))
POLYGON  (( 103.74675417 1.29090328 , 103.74666048 1.29063125 , 103.74510443 1.2911669 , 103.74519812 1.29143893 , 103.74675417 1.29090328 ))
POLYGON  (( 103.751675 1.2835665 , 103.75192167 1.28341832 , 103.75099532 1.28187701 , 103.75074865 1.28202519 , 103.751675 1.2835665 ))
POLYGON  (( 103.75286625 1.28562138 , 103.75311292 1.2854732 , 103.75218657 1.2839319 , 103.7519399 1.28408007 , 103.75286625 1.28562138 ))
POLYGON  (( 103.75270247 1.29644599 , 103.75277332 1.29645848 , 103.75282797 1.29614858 , 103.75275712 1.29613609 , 103.75270247 1.29644599 ))
POLYGON  (( 103.75331305 1.2961479 , 103.75348898 1.29618529 , 103.75357499 1.29578075 , 103.75339906 1.29574337 , 103.75331305 1.2961479 ))
POLYGON  (( 103.75658202 1.28609772 , 103.75662704 1.28581356 , 103.7548506 1.28553227 , 103.75480558 1.28581643 , 103.75658202 1.28609772 ))
POLYGON  (( 103.75684327 1.28624451 , 103.75688829 1.28596035 , 103.75511185 1.28567906 , 103.75506683 1.28596322 , 103.75684327 1.28624451 ))
POLYGON  (( 103.75700155 1.28620148 , 103.75704657 1.28591732 , 103.75527013 1.28563603 , 103.75522511 1.28592019 , 103.75700155 1.28620148 ))
POLYGON  (( 103.75561806 1.28640608 , 103.75581722 1.28673746 , 103.75839184 1.28519086 , 103.75819268 1.28485948 , 103.75561806 1.28640608 ))
POLYGON  (( 103.75875762 1.27538681 , 103.75847972 1.27492442 , 103.75540406 1.27677201 , 103.75568196 1.2772344 , 103.75875762 1.27538681 ))
POLYGON  (( 103.75680109 1.28563363 , 103.75703041 1.28603073 , 103.75989644 1.28437644 , 103.75966712 1.28397935 , 103.75680109 1.28563363 ))
POLYGON  (( 103.75736158 1.28535013 , 103.7575978 1.28574316 , 103.76043451 1.28403912 , 103.7601983 1.28364609 , 103.75736158 1.28535013 ))
POLYGON  (( 103.75915865 1.28427337 , 103.75939486 1.2846664 , 103.76223157 1.28296236 , 103.76199536 1.28256933 , 103.75915865 1.28427337 ))
POLYGON  (( 103.75966763 1.28396378 , 103.75988995 1.2843337 , 103.76271125 1.28263892 , 103.76248893 1.282269 , 103.75966763 1.28396378 ))
POLYGON  (( 103.75987786 1.2839093 , 103.76010018 1.28427921 , 103.76292148 1.28258443 , 103.76269916 1.28221452 , 103.75987786 1.2839093 ))
POLYGON  (( 103.76253216 1.2896276 , 103.76239264 1.28937597 , 103.7603319 1.29051797 , 103.76047142 1.2907696 , 103.76253216 1.2896276 ))
POLYGON  (( 103.76100354 1.2902041 , 103.76111007 1.29038135 , 103.76319136 1.2891311 , 103.76308483 1.28895385 , 103.76100354 1.2902041 ))
POLYGON  (( 103.76204136 1.282433 , 103.76222663 1.28274126 , 103.76453916 1.28135209 , 103.76435389 1.28104383 , 103.76204136 1.282433 ))
POLYGON  (( 103.76455699 1.28829046 , 103.76437172 1.2879822 , 103.76205147 1.28937599 , 103.76223674 1.28968425 , 103.76455699 1.28829046 ))
POLYGON  (( 103.7620156 1.28250515 , 103.76222865 1.28285965 , 103.7649189 1.28124359 , 103.76470584 1.28088909 , 103.7620156 1.28250515 ))
POLYGON  (( 103.76515865 1.27163164 , 103.76488886 1.27116447 , 103.76178141 1.27295811 , 103.7620512 1.27342528 , 103.76515865 1.27163164 ))
POLYGON  (( 103.76228606 1.28933606 , 103.76246592 1.28964751 , 103.76481014 1.28829441 , 103.76463028 1.28798297 , 103.76228606 1.28933606 ))
POLYGON  (( 103.76217924 1.27276796 , 103.76244325 1.27320723 , 103.7655112 1.27136427 , 103.76524719 1.270925 , 103.76217924 1.27276796 ))
POLYGON  (( 103.76248517 1.27249551 , 103.76274918 1.27293478 , 103.76581713 1.27109182 , 103.76555312 1.27065255 , 103.76248517 1.27249551 ))
POLYGON  (( 103.7632341 1.28876946 , 103.76341936 1.28907772 , 103.7657319 1.28768856 , 103.76554664 1.2873803 , 103.7632341 1.28876946 ))
POLYGON  (( 103.76407643 1.28120761 , 103.76428327 1.28156578 , 103.76689229 1.28005984 , 103.76668545 1.27970167 , 103.76407643 1.28120761 ))
POLYGON  (( 103.76674516 1.28701659 , 103.7665599 1.28670833 , 103.76424736 1.2880975 , 103.76443262 1.28840576 , 103.76674516 1.28701659 ))
POLYGON  (( 103.76460639 1.28098352 , 103.76482871 1.28135343 , 103.76714125 1.27996427 , 103.76691893 1.27959436 , 103.76460639 1.28098352 ))
POLYGON  (( 103.76713406 1.28683045 , 103.76694879 1.28652219 , 103.76462854 1.28791598 , 103.76481381 1.28822424 , 103.76713406 1.28683045 ))
POLYGON  (( 103.76906555 1.28561007 , 103.76892604 1.28535844 , 103.76687317 1.28649608 , 103.76701268 1.28674771 , 103.76906555 1.28561007 ))
POLYGON  (( 103.76887558 1.23705128 , 103.7687078 1.23682869 , 103.76737914 1.23782967 , 103.76754692 1.23805226 , 103.76887558 1.23705128 ))
POLYGON  (( 103.76670045 1.27976297 , 103.76689961 1.28009435 , 103.76960527 1.27846903 , 103.76940611 1.27813765 , 103.76670045 1.27976297 ))
POLYGON  (( 103.76686464 1.27969112 , 103.7670638 1.2800225 , 103.76976946 1.27839718 , 103.7695703 1.2780658 , 103.76686464 1.27969112 ))
POLYGON  (( 103.76702793 1.27958193 , 103.76722709 1.27991331 , 103.76993275 1.27828799 , 103.76973359 1.27795661 , 103.76702793 1.27958193 ))
POLYGON  (( 103.76947513 1.27902048 , 103.76922846 1.27916866 , 103.77032155 1.28098739 , 103.77056822 1.28083922 , 103.76947513 1.27902048 ))
POLYGON  (( 103.77157204 1.2840529 , 103.77146862 1.28387382 , 103.76936582 1.28508756 , 103.76946924 1.28526664 , 103.77157204 1.2840529 ))
POLYGON  (( 103.77195048 1.28381251 , 103.77180227 1.28356591 , 103.76979036 1.28477448 , 103.76993857 1.28502109 , 103.77195048 1.28381251 ))
POLYGON  (( 103.77062812 1.28082455 , 103.7704277 1.28094494 , 103.7713031 1.28240148 , 103.77150352 1.28228108 , 103.77062812 1.28082455 ))
POLYGON  (( 103.77206973 1.27038212 , 103.77239349 1.27018764 , 103.77077703 1.26749806 , 103.77045328 1.26769254 , 103.77206973 1.27038212 ))
POLYGON  (( 103.77104691 1.2815329 , 103.77079522 1.28167238 , 103.77194187 1.28374047 , 103.77219356 1.28360099 , 103.77104691 1.2815329 ))
POLYGON  (( 103.77118825 1.28172357 , 103.77093903 1.28186742 , 103.77211711 1.28390739 , 103.77236633 1.28376354 , 103.77118825 1.28172357 ))
POLYGON  (( 103.77109202 1.28412387 , 103.77120893 1.28432631 , 103.77268088 1.28347669 , 103.77256397 1.28327425 , 103.77109202 1.28412387 ))
POLYGON  (( 103.77336161 1.27268007 , 103.77368536 1.27248558 , 103.77205501 1.26977289 , 103.77173126 1.26996737 , 103.77336161 1.27268007 ))
POLYGON  (( 103.77357985 1.27328227 , 103.7739102 1.2730992 , 103.77237553 1.27033127 , 103.77204519 1.27051434 , 103.77357985 1.27328227 ))
POLYGON  (( 103.77533919 1.27604555 , 103.77570919 1.27582328 , 103.77414831 1.27322618 , 103.77377831 1.27344845 , 103.77533919 1.27604555 ))
POLYGON  (( 103.77587633 1.27705941 , 103.77624633 1.27683714 , 103.77455113 1.27401656 , 103.77418113 1.27423882 , 103.77587633 1.27705941 ))
POLYGON  (( 103.77598812 1.27716557 , 103.77635812 1.2769433 , 103.77466292 1.27412272 , 103.77429292 1.27434498 , 103.77598812 1.27716557 ))
POLYGON  (( 103.77606289 1.27763526 , 103.77644043 1.27742604 , 103.77484473 1.27454802 , 103.77446719 1.27475724 , 103.77606289 1.27763526 ))
POLYGON  (( 103.77657143 1.22971991 , 103.77645697 1.22960547 , 103.77575749 1.23030478 , 103.77587195 1.23041922 , 103.77657143 1.22971991 ))
POLYGON  (( 103.77664565 1.27812539 , 103.77688969 1.27797293 , 103.77594135 1.27645565 , 103.77569731 1.2766081 , 103.77664565 1.27812539 ))
POLYGON  (( 103.77642296 1.27752919 , 103.77622467 1.27765306 , 103.77712536 1.2790941 , 103.77732365 1.27897023 , 103.77642296 1.27752919 ))
POLYGON  (( 103.77869136 1.22763374 , 103.77841068 1.22738107 , 103.77703272 1.22891111 , 103.7773134 1.22916378 , 103.77869136 1.22763374 ))
POLYGON  (( 103.77789107 1.22678689 , 103.77797759 1.22683483 , 103.77810403 1.22660679 , 103.77801751 1.22655885 , 103.77789107 1.22678689 ))
POLYGON  (( 103.77782663 1.22805177 , 103.77796894 1.22818917 , 103.77888099 1.22724493 , 103.77873868 1.22710753 , 103.77782663 1.22805177 ))
POLYGON  (( 103.78100191 1.25772025 , 103.78080275 1.25738887 , 103.77821273 1.25894473 , 103.77841189 1.25927611 , 103.78100191 1.25772025 ))
POLYGON  (( 103.78265903 1.26610719 , 103.78233528 1.26630168 , 103.78395637 1.26899896 , 103.78428012 1.26880448 , 103.78265903 1.26610719 ))
POLYGON  (( 103.78376666 1.26823117 , 103.78359708 1.26833305 , 103.78665862 1.27342705 , 103.78682821 1.27332518 , 103.78376666 1.26823117 ))
POLYGON  (( 103.78489796 1.26988831 , 103.78454715 1.27010747 , 103.7861436 1.27266169 , 103.78649441 1.27244253 , 103.78489796 1.26988831 ))
POLYGON  (( 103.78853244 1.25994936 , 103.78885619 1.25975488 , 103.7877307 1.2578822 , 103.78740695 1.25807668 , 103.78853244 1.25994936 ))
POLYGON  (( 103.79999782 1.20518264 , 103.79978736 1.20498643 , 103.79865276 1.20620287 , 103.79886322 1.20639909 , 103.79999782 1.20518264 ))
POLYGON  (( 103.82603426 1.26387015 , 103.82614826 1.26365582 , 103.82479842 1.26293827 , 103.82468442 1.2631526 , 103.82603426 1.26387015 ))
POLYGON  (( 103.82670211 1.26146933 , 103.82655822 1.26171849 , 103.82858311 1.26288727 , 103.828727 1.26263812 , 103.82670211 1.26146933 ))
POLYGON  (( 103.82859203 1.26260628 , 103.82840768 1.26292552 , 103.83058833 1.26418421 , 103.83077268 1.26386498 , 103.82859203 1.26260628 ))
POLYGON  (( 103.82934918 1.26553623 , 103.82921429 1.26576981 , 103.83094324 1.26676778 , 103.83107813 1.26653419 , 103.82934918 1.26553623 ))
POLYGON  (( 103.82963166 1.26563056 , 103.82949677 1.26586415 , 103.83122572 1.26686211 , 103.83136061 1.26662853 , 103.82963166 1.26563056 ))
POLYGON  (( 103.83267946 1.26400516 , 103.83268919 1.26372662 , 103.83031652 1.26364379 , 103.83030679 1.26392233 , 103.83267946 1.26400516 ))
POLYGON  (( 103.83097341 1.26655505 , 103.83086006 1.2667595 , 103.83234661 1.26758331 , 103.83245996 1.26737886 , 103.83097341 1.26655505 ))
POLYGON  (( 103.83093303 1.26365541 , 103.83092268 1.26395192 , 103.83326839 1.26403381 , 103.83327874 1.2637373 , 103.83093303 1.26365541 ))
POLYGON  (( 103.83210283 1.26709874 , 103.83209122 1.2674312 , 103.83433807 1.26750964 , 103.83434968 1.26717719 , 103.83210283 1.26709874 ))
POLYGON  (( 103.83249665 1.26716491 , 103.83248504 1.26749736 , 103.83473189 1.2675758 , 103.8347435 1.26724335 , 103.83249665 1.26716491 ))
POLYGON  (( 103.83257945 1.26718053 , 103.8325694 1.26746805 , 103.83498701 1.26755246 , 103.83499706 1.26726493 , 103.83257945 1.26718053 ))
POLYGON  (( 103.83223628 1.26361651 , 103.83221368 1.26404747 , 103.83550056 1.26421968 , 103.83552316 1.26378872 , 103.83223628 1.26361651 ))
POLYGON  (( 103.83619651 1.26438064 , 103.83621911 1.26394968 , 103.83293223 1.26377746 , 103.83290963 1.26420842 , 103.83619651 1.26438064 ))
POLYGON  (( 103.83345662 1.26374267 , 103.83344155 1.26417396 , 103.83673094 1.2642888 , 103.83674601 1.26385751 , 103.83345662 1.26374267 ))
POLYGON  (( 103.83382813 1.26712874 , 103.83381809 1.26741627 , 103.83646039 1.26750852 , 103.83647043 1.26722099 , 103.83382813 1.26712874 ))
POLYGON  (( 103.8353005 1.26722545 , 103.83528355 1.26754867 , 103.83767238 1.26767383 , 103.83768933 1.26735061 , 103.8353005 1.26722545 ))
POLYGON  (( 103.83609186 1.26730372 , 103.83608244 1.26757328 , 103.83807764 1.26764293 , 103.83808706 1.26737338 , 103.83609186 1.26730372 ))
POLYGON  (( 103.83640328 1.26727812 , 103.83639386 1.26754767 , 103.83838906 1.26761733 , 103.83839848 1.26734777 , 103.83640328 1.26727812 ))
POLYGON  (( 103.83660084 1.26329245 , 103.83687764 1.2635998 , 103.83912312 1.26157844 , 103.83884632 1.2612711 , 103.83660084 1.26329245 ))
POLYGON  (( 103.83675816 1.2672759 , 103.83674561 1.2676353 , 103.83943284 1.26772912 , 103.83944539 1.26736971 , 103.83675816 1.2672759 ))
POLYGON  (( 103.83794707 1.26740605 , 103.83793295 1.2676754 , 103.83981887 1.26777421 , 103.83983299 1.26750486 , 103.83794707 1.26740605 ))
POLYGON  (( 103.83783381 1.26217159 , 103.8381282 1.26248721 , 103.84034463 1.26042085 , 103.84005024 1.26010523 , 103.83783381 1.26217159 ))
POLYGON  (( 103.83804853 1.26203387 , 103.83834292 1.26234949 , 103.84055935 1.26028313 , 103.84026496 1.25996752 , 103.83804853 1.26203387 ))
POLYGON  (( 103.83822418 1.26188116 , 103.83851857 1.26219678 , 103.840735 1.26013042 , 103.84044061 1.2598148 , 103.83822418 1.26188116 ))
POLYGON  (( 103.83849297 1.26172669 , 103.83877509 1.26202916 , 103.84098495 1.25996893 , 103.84070283 1.25966647 , 103.83849297 1.26172669 ))
POLYGON  (( 103.83924039 1.2672679 , 103.83955318 1.26760324 , 103.84198009 1.26534067 , 103.8416673 1.26500533 , 103.83924039 1.2672679 ))
POLYGON  (( 103.83945791 1.26677113 , 103.8397707 1.26710647 , 103.84219761 1.2648439 , 103.84188482 1.26450856 , 103.83945791 1.26677113 ))
POLYGON  (( 103.83961193 1.26059083 , 103.83990632 1.26090644 , 103.84231349 1.25866227 , 103.8420191 1.25834665 , 103.83961193 1.26059083 ))
POLYGON  (( 103.83989647 1.26661156 , 103.84020925 1.26694691 , 103.84260327 1.26471499 , 103.84229048 1.26437965 , 103.83989647 1.26661156 ))
POLYGON  (( 103.84070715 1.25959534 , 103.840977 1.25988466 , 103.84316055 1.25784896 , 103.8428907 1.25755964 , 103.84070715 1.25959534 ))
POLYGON  (( 103.84140086 1.2650241 , 103.84171365 1.26535944 , 103.84414056 1.26309687 , 103.84382777 1.26276153 , 103.84140086 1.2650241 ))
POLYGON  (( 103.84156205 1.2648127 , 103.84187484 1.26514804 , 103.84430174 1.26288547 , 103.84398896 1.26255013 , 103.84156205 1.2648127 ))
POLYGON  (( 103.84173796 1.26463662 , 103.84205075 1.26497196 , 103.84447765 1.26270939 , 103.84416487 1.26237404 , 103.84173796 1.26463662 ))
POLYGON  (( 103.84202489 1.26447645 , 103.84233768 1.26481179 , 103.84476458 1.26254922 , 103.84445179 1.26221388 , 103.84202489 1.26447645 ))
POLYGON  (( 103.84231922 1.2642844 , 103.84263201 1.26461975 , 103.84502602 1.26238783 , 103.84471323 1.26205249 , 103.84231922 1.2642844 ))
POLYGON  (( 103.84309604 1.26361649 , 103.84336682 1.26391716 , 103.84568582 1.26182963 , 103.84541504 1.26152896 , 103.84309604 1.26361649 ))
POLYGON  (( 103.84404617 1.26282026 , 103.8442915 1.26308327 , 103.84630405 1.26120699 , 103.84605872 1.26094398 , 103.84404617 1.26282026 ))
POLYGON  (( 103.84648028 1.26542479 , 103.8467476 1.26566542 , 103.8485107 1.26370778 , 103.84824338 1.26346714 , 103.84648028 1.26542479 ))
POLYGON  (( 103.84680587 1.26504837 , 103.84707319 1.26528901 , 103.84883629 1.26333136 , 103.84856897 1.26309073 , 103.84680587 1.26504837 ))
POLYGON  (( 103.84697915 1.26504086 , 103.84724647 1.2652815 , 103.84893135 1.26341071 , 103.84866403 1.26317007 , 103.84697915 1.26504086 ))
POLYGON  (( 103.84712083 1.26462904 , 103.84740152 1.26488171 , 103.84941133 1.26265013 , 103.84913064 1.26239746 , 103.84712083 1.26462904 ))
POLYGON  (( 103.84780857 1.26392129 , 103.84808926 1.26417396 , 103.85011111 1.26192901 , 103.84983042 1.26167634 , 103.84780857 1.26392129 ))
POLYGON  (( 103.85082298 1.26114525 , 103.85053561 1.26088656 , 103.84851376 1.26313151 , 103.84880113 1.26339019 , 103.85082298 1.26114525 ))
POLYGON  (( 103.8492355 1.2622459 , 103.84952286 1.26250459 , 103.85146648 1.2603465 , 103.85117912 1.26008782 , 103.8492355 1.2622459 ))
POLYGON  (( 103.85148669 1.26646696 , 103.85186433 1.26647355 , 103.85191141 1.26377675 , 103.85153377 1.26377016 , 103.85148669 1.26646696 ))
POLYGON  (( 103.85192184 1.26794589 , 103.85153514 1.26794589 , 103.85153514 1.27084988 , 103.85192184 1.27084988 , 103.85192184 1.26794589 ))
POLYGON  (( 103.851924 1.26462729 , 103.8515373 1.26462729 , 103.8515373 1.26763017 , 103.851924 1.26763017 , 103.851924 1.26462729 ))
POLYGON  (( 103.99761247 1.17686451 , 103.99766911 1.1771098 , 103.99905353 1.17679025 , 103.99899689 1.17654496 , 103.99761247 1.17686451 ))
POLYGON  (( 103.99781383 1.17340337 , 103.99784955 1.17374314 , 103.99953089 1.17356646 , 103.99949517 1.17322669 , 103.99781383 1.17340337 ))
POLYGON  (( 103.99806474 1.17340521 , 103.99810046 1.17374499 , 103.9997818 1.17356831 , 103.99974608 1.17322853 , 103.99806474 1.17340521 ))
