POLYGON ((103.6109131592747 1.253239081784721, 103.6108580904228 1.252847341615586, 103.6083289807432 1.253202699778148, 103.6083840492244 1.253594440000434, 103.6109131592747 1.253239081784721))
POLYGON ((103.6744510128678 1.292965061102427, 103.6743194719705 1.292842428506148, 103.673368826941 1.293861610719018, 103.6735003678452 1.293984243364549, 103.6744510128678 1.292965061102427))
POLYGON ((103.6869880619872 1.291409860450007, 103.6868856495649 1.291791971053226, 103.6890485984027 1.292371384132419, 103.689151010523 1.291989273442057, 103.6869880619872 1.291409860450007))
POLYGON ((103.6937628972033 1.293543921819462, 103.6938179665553 1.293152181599604, 103.6915916030981 1.292839366316399, 103.6915365334092 1.293231106487977, 103.6937628972033 1.293543921819462))
POLYGON ((103.6993631742092 1.286681884951072, 103.6995054918995 1.286544484955579, 103.6985934259539 1.285600250990914, 103.6984511082672 1.285737650935569, 103.6993631742092 1.286681884951072))
POLYGON ((103.7193994325565 1.294013160962705, 103.7193209031189 1.293643803966712, 103.7171745674054 1.294099905349646, 103.7172530965447 1.294469262412058, 103.7193994325565 1.294013160962705))
POLYGON ((103.7195372735484 1.305363654975974, 103.7193638555107 1.305157037136728, 103.7181238262172 1.306197275025428, 103.7182972442247 1.306403892950181, 103.7195372735484 1.305363654975974))
POLYGON ((103.7204441321123 1.304231017381158, 103.7206025976868 1.304426655463538, 103.7218536076589 1.303413869821655, 103.7216951420509 1.303218231817983, 103.7204441321123 1.304231017381158))
POLYGON ((103.7209724199085 1.299187638190805, 103.7209868569201 1.299600957675855, 103.7226405602089 1.299543223933936, 103.7226261229271 1.299129904458332, 103.7209724199085 1.299187638190805))
POLYGON ((103.7368718441332 1.237396962286724, 103.7369168610275 1.237112802504984, 103.7352914435601 1.236855421678038, 103.7352464264961 1.237139581432211, 103.7368718441332 1.237396962286724))
POLYGON ((103.7384530362305 1.238442178942944, 103.7385081044216 1.238050438724391, 103.736308504053 1.237741377223568, 103.7362534355433 1.238133117396452, 103.7384530362305 1.238442178942944))
POLYGON ((103.7467541711194 1.290903275564603, 103.7466604807005 1.290631248144925, 103.745104428795 1.291166903767901, 103.7451981190673 1.291438931244894, 103.7467541711194 1.290903275564603))
POLYGON ((103.7516595784607 1.283575756618134, 103.7519370827556 1.283409056982054, 103.7510107417558 1.281867753140755, 103.7507332375677 1.282034452676424, 103.7516595784607 1.283575756618134))
POLYGON ((103.7528431202623 1.28563526936312, 103.753136041698 1.285459308636062, 103.7522096999506 1.283918004797637, 103.7519167786279 1.284093965418536, 103.7528431202623 1.28563526936312))
POLYGON ((103.7526980381031 1.296445206878629, 103.7527777453557 1.29645925782092, 103.7528324018891 1.296149364519589, 103.7527526946459 1.296135313579017, 103.7526980381031 1.296445206878629))
POLYGON ((103.7533130511732 1.296147899960199, 103.7534889804881 1.296185285325166, 103.7535749888078 1.295780751433032, 103.7533990595197 1.295743366074037, 103.7533130511732 1.296147899960199))
POLYGON ((103.7587576223541 1.275386812699207, 103.7584797206132 1.274924421697836, 103.7554040567429 1.27677200860824, 103.7556819581305 1.277234399941749, 103.7587576223541 1.275386812699207))
POLYGON ((103.769067733608 1.285613999901542, 103.768923857897 1.285354506818517, 103.766870986014 1.286492145625995, 103.7670148615804 1.286751638824689, 103.769067733608 1.285613999901542))
POLYGON ((103.7688755764491 1.237051276566447, 103.7687078047276 1.236828687969247, 103.7673791433313 1.237829672622594, 103.7675469150047 1.238052261303794, 103.7688755764491 1.237051276566447))
POLYGON ((103.7694751346714 1.279020477764276, 103.7692284645521 1.279168655121397, 103.7703215456532 1.280987393765913, 103.7705682158843 1.280839216303695, 103.7694751346714 1.279020477764276))
POLYGON ((103.7720466066603 1.270396011364765, 103.7724166104564 1.270173745134687, 103.7708001540413 1.267484169959628, 103.770430150491 1.267706435958593, 103.7720466066603 1.270396011364765))
POLYGON ((103.7765714255955 1.229719905215607, 103.7764569665092 1.22960547251841, 103.7757574943153 1.230304783522357, 103.7758719534016 1.230419216249542, 103.7765714255955 1.229719905215607))
POLYGON ((103.7764458411348 1.277514897466945, 103.7762017954292 1.277667356179604, 103.7771024790689 1.279108392691095, 103.777346524858 1.278955933892871, 103.7764458411348 1.277514897466945))
POLYGON ((103.7778910745781 1.226786886878497, 103.7779775921226 1.226834833346131, 103.7781040254148 1.226606793917268, 103.7780175078753 1.22655884745372, 103.7778910745781 1.226786886878497))
POLYGON ((103.7810134871122 1.257739517087493, 103.7807911672667 1.257369604263858, 103.7782011522484 1.258925466954829, 103.7784234718593 1.259295379999107, 103.7810134871122 1.257739517087493))
POLYGON ((103.7826821585385 1.266093301762183, 103.7823121551866 1.266315567760944, 103.7839332421669 1.269012849686777, 103.7843032457649 1.268790583456494, 103.7826821585385 1.266093301762183))
POLYGON ((103.7885324411147 1.259949362108377, 103.7888561931534 1.25975487918834, 103.7877306992031 1.257882195030017, 103.787406947313 1.258076677810364, 103.7885324411147 1.259949362108377))
POLYGON ((103.7999978205539 1.205182643855833, 103.7997873621473 1.204986431706221, 103.7986527591941 1.206202874978099, 103.798863217613 1.206399087215385, 103.7999978205539 1.205182643855833))
POLYGON ((103.8260342642465 1.263870152850972, 103.8261482554079 1.263655818670307, 103.8247984159752 1.262938270802126, 103.8246844247339 1.263152604923593, 103.8260342642465 1.263870152850972))
POLYGON ((103.8267043549596 1.261465435699848, 103.8265559726215 1.26172237891729, 103.8285808655548 1.262891167761792, 103.8287292477595 1.262634224428867, 103.8267043549596 1.261465435699848))
POLYGON ((103.8285965262094 1.262598497664957, 103.8284031794291 1.262933302457576, 103.8305838344001 1.264191998155183, 103.830777180993 1.263857193200355, 103.8285965262094 1.262598497664957))
POLYGON ((103.8309821319361 1.266539327456578, 103.8308513368197 1.266775230274396, 103.8323378883412 1.267599037766119, 103.8324686833638 1.26736313487328, 103.8309821319361 1.266539327456578))
POLYGON ((103.8519263334683 1.267945891591888, 103.8515306465317 1.267945891591888, 103.8515306463095 1.270849882192981, 103.8519263336905 1.270849882192981, 103.8519263334683 1.267945891591888))
POLYGON ((103.9975922447044 1.176776906270751, 103.99768934334 1.17719739840779, 103.9990737553224 1.176877849132599, 103.9989766564892 1.176457357043735, 103.9975922447044 1.176776906270751))
POLYGON ((103.7429069821326 1.238751922177858, 103.7468374366067 1.238751922177858, 103.7468374366067 1.239738879078247, 103.7429069821326 1.239738879078247, 103.7429069821326 1.238751922177858))
POLYGON ((103.7548055781553 1.28553226870114, 103.7568904021018 1.28553226870114, 103.7568904021018 1.28625783169523, 103.7548055781553 1.28625783169523, 103.7548055781553 1.28553226870114))
POLYGON ((103.7548055781553 1.28553226870114, 103.7570486820864 1.28553226870114, 103.7570486820864 1.286214799895234, 103.7548055781553 1.286214799895234, 103.7548055781553 1.28553226870114))
POLYGON ((103.7550647178877 1.28562270961272, 103.7570486820864 1.28562270961272, 103.7570486820864 1.28625783169523, 103.7550647178877 1.28625783169523, 103.7550647178877 1.28562270961272))
POLYGON ((103.7550647178877 1.284859475198893, 103.7583918443338 1.284859475198893, 103.7583918443338 1.286737457248752, 103.7550647178877 1.286737457248752, 103.7550647178877 1.284859475198893))
POLYGON ((103.7552229979031 1.284859475198893, 103.7583918443338 1.284859475198893, 103.7583918443338 1.286737457248752, 103.7552229979031 1.286737457248752, 103.7552229979031 1.284859475198893))
POLYGON ((103.755618055006 1.283979345850006, 103.7598964364407 1.283979345850006, 103.7598964364407 1.286737457248752, 103.755618055006 1.286737457248752, 103.755618055006 1.283979345850006))
POLYGON ((103.755618055006 1.283646088017684, 103.7604345142742 1.283646088017684, 103.7604345142742 1.286737457248752, 103.755618055006 1.286737457248752, 103.755618055006 1.283646088017684))
POLYGON ((103.7568010887575 1.283646088017684, 103.7604345142742 1.283646088017684, 103.7604345142742 1.286030725669886, 103.7568010887575 1.286030725669886, 103.7568010887575 1.283646088017684))
POLYGON ((103.7573615849374 1.282569325417961, 103.7622315736273 1.282569325417961, 103.7622315736273 1.285743160720921, 103.7573615849374 1.285743160720921, 103.7573615849374 1.282569325417961))
POLYGON ((103.759158645585 1.282269004341666, 103.7627112474253 1.282269004341666, 103.7627112474253 1.284666398121198, 103.759158645585 1.284666398121198, 103.759158645585 1.282269004341666))
POLYGON ((103.759158645585 1.28221452104168, 103.7629214773929 1.28221452104168, 103.7629214773929 1.284666398121198, 103.759158645585 1.284666398121198, 103.759158645585 1.28221452104168))
POLYGON ((103.7596676317864 1.28221452104168, 103.7629214773929 1.28221452104168, 103.7629214773929 1.28433369639843, 103.7596676317864 1.28433369639843, 103.7596676317864 1.28221452104168))
POLYGON ((103.7603319015041 1.288919172458275, 103.7632122009957 1.288919172458275, 103.7632122009957 1.290769596392375, 103.7603319015041 1.290769596392375, 103.7603319015041 1.288919172458275))
POLYGON ((103.7609826985646 1.287982197707478, 103.7645569887254 1.287982197707478, 103.7645569887254 1.290416027974847, 103.7609826985646 1.290416027974847, 103.7609826985646 1.287982197707478))
POLYGON ((103.7609826985646 1.287982966779246, 103.7648101429026 1.287982966779246, 103.7648101429026 1.290416027974847, 103.7609826985646 1.290416027974847, 103.7609826985646 1.287982966779246))
POLYGON ((103.7620155961879 1.280889092716083, 103.7649189030969 1.280889092716083, 103.7649189030969 1.282859652485073, 103.7620155961879 1.282859652485073, 103.7620155961879 1.280889092716083))
POLYGON ((103.7620514707406 1.287982197707478, 103.7648101429026 1.287982197707478, 103.7648101429026 1.28968425224529, 103.7620514707406 1.28968425224529, 103.7620514707406 1.287982197707478))
POLYGON ((103.7620514707406 1.28738029658122, 103.7657319041964 1.28738029658122, 103.7657319041964 1.28968425224529, 103.7620514707406 1.28968425224529, 103.7620514707406 1.28738029658122))
POLYGON ((103.7617814141237 1.270925001148565, 103.7655111980024 1.270925001148565, 103.7655111980024 1.273425282832351, 103.7617814141237 1.273425282832351, 103.7617814141237 1.270925001148565))
POLYGON ((103.7617814141237 1.270652550248647, 103.7658171278267 1.270652550248647, 103.7658171278267 1.273425282832351, 103.7617814141237 1.273425282832351, 103.7617814141237 1.270652550248647))
POLYGON ((103.7622860565812 1.28738029658122, 103.7657319041964 1.28738029658122, 103.7657319041964 1.289647510961132, 103.7622860565812 1.289647510961132, 103.7622860565812 1.28738029658122))
POLYGON ((103.7621792410912 1.270652550248647, 103.7658171278267 1.270652550248647, 103.7658171278267 1.273207229290056, 103.7621792410912 1.273207229290056, 103.7621792410912 1.270652550248647))
POLYGON ((103.7632340952737 1.286708332781335, 103.7667451638673 1.286708332781335, 103.7667451638673 1.28907772057498, 103.7632340952737 1.28907772057498, 103.7632340952737 1.286708332781335))
POLYGON ((103.7632340952737 1.286522187907732, 103.7671340580079 1.286522187907732, 103.7671340580079 1.28907772057498, 103.7632340952737 1.28907772057498, 103.7632340952737 1.286522187907732))
POLYGON ((103.764076433384 1.279594358328882, 103.7671412472221 1.279594358328882, 103.7671412472221 1.281565775394488, 103.764076433384 1.281565775394488, 103.764076433384 1.279594358328882))
POLYGON ((103.7642473556032 1.286522187907732, 103.7671340580079 1.286522187907732, 103.7671340580079 1.288405756775096, 103.7642473556032 1.288405756775096, 103.7642473556032 1.286522187907732))
POLYGON ((103.766688867611 1.278046533451749, 103.7697810416318 1.278046533451749, 103.7697810416318 1.28011361464774, 103.766688867611 1.28011361464774, 103.766688867611 1.278046533451749))
POLYGON ((103.766688867611 1.277937344051775, 103.7699443315695 1.277937344051775, 103.7699443315695 1.28011361464774, 103.766688867611 1.28011361464774, 103.766688867611 1.277937344051775))
POLYGON ((103.766853057652 1.277937344051775, 103.7699443315695 1.277937344051775, 103.7699443315695 1.280041767347756, 103.766853057652 1.280041767347756, 103.766853057652 1.277937344051775))
POLYGON ((103.769334349257 1.283565905120147, 103.7719504806117 1.283565905120147, 103.7719504806117 1.285321145674767, 103.769334349257 1.285321145674767, 103.769334349257 1.283565905120147))
POLYGON ((103.7697903589817 1.283270355682254, 103.772683129096 1.283270355682254, 103.772683129096 1.285021085740258, 103.7697903589817 1.285021085740258, 103.7697903589817 1.283270355682254))
POLYGON ((103.7704122875175 1.280815288030241, 103.7721935585065 1.280815288030241, 103.7721935585065 1.283740465823673, 103.7704122875175 1.283740465823673, 103.7704122875175 1.280815288030241))
POLYGON ((103.7704122875175 1.280815288030241, 103.7723663274192 1.280815288030241, 103.7723663274192 1.283907390562562, 103.7704122875175 1.283907390562562, 103.7704122875175 1.280815288030241))
POLYGON ((103.7707952220205 1.281532903498118, 103.7723663274192 1.281532903498118, 103.7723663274192 1.283907390562562, 103.7707952220205 1.283907390562562, 103.7707952220205 1.281532903498118))
POLYGON ((103.771731257339 1.269772888967794, 103.7739377244257 1.269772888967794, 103.7739377244257 1.273297522609156, 103.771731257339 1.273297522609156, 103.771731257339 1.269772888967794))
POLYGON ((103.7737744541988 1.273223869374227, 103.7762463324242 1.273223869374227, 103.7762463324242 1.277059411032687, 103.7737744541988 1.277059411032687, 103.7737744541988 1.273223869374227))
POLYGON ((103.7737744541988 1.273223869374227, 103.7763581224668 1.273223869374227, 103.7763581224668 1.27716557023268, 103.7737744541988 1.27716557023268, 103.7737744541988 1.273223869374227))
POLYGON ((103.7737744541988 1.273223869374227, 103.7764404323258 1.273223869374227, 103.7764404323258 1.277635256715791, 103.7737744541988 1.277635256715791, 103.7737744541988 1.273223869374227))
POLYGON ((103.7741811286185 1.274016558796781, 103.7763581224668 1.274016558796781, 103.7763581224668 1.27716557023268, 103.7741811286185 1.27716557023268, 103.7741811286185 1.274016558796781))
POLYGON ((103.7741811286185 1.274016558796781, 103.7764404323258 1.274016558796781, 103.7764404323258 1.277635256715791, 103.7741811286185 1.277635256715791, 103.7741811286185 1.274016558796781))
POLYGON ((103.7742929185759 1.274122717996774, 103.7764404323258 1.274122717996774, 103.7764404323258 1.277635256715791, 103.7742929185759 1.277635256715791, 103.7742929185759 1.274122717996774))
POLYGON ((103.7742929185759 1.274122717996774, 103.7768896922463 1.274122717996774, 103.7768896922463 1.278125385645861, 103.7742929185759 1.278125385645861, 103.7742929185759 1.274122717996774))
POLYGON ((103.774467188698 1.274548020940048, 103.7768896922463 1.274548020940048, 103.7768896922463 1.278125385645861, 103.774467188698 1.278125385645861, 103.774467188698 1.274548020940048))
POLYGON ((103.777032715014 1.227107532692234, 103.7788809899283 1.227107532692234, 103.7788809899283 1.229163778364137, 103.777032715014 1.229163778364137, 103.777032715014 1.227107532692234))
POLYGON ((103.7834930141075 1.2681686613418, 103.7869322691331 1.2681686613418, 103.7869322691331 1.273489567361333, 103.7834930141075 1.273489567361333, 103.7834930141075 1.2681686613418))
POLYGON ((103.8292142887311 1.265536227274598, 103.831365108015 1.265536227274598, 103.831365108015 1.266869898041692, 103.8292142887311 1.266869898041692, 103.8292142887311 1.265536227274598))
POLYGON ((103.8303066326074 1.263639293052934, 103.8332787431408 1.263639293052934, 103.8332787431408 1.264033812263737, 103.8303066326074 1.264033812263737, 103.8303066326074 1.263639293052934))
POLYGON ((103.8309226767618 1.263616507323707, 103.8355231555461 1.263616507323707, 103.8355231555461 1.264219684850995, 103.8309226767618 1.264219684850995, 103.8309226767618 1.263616507323707))
POLYGON ((103.8320912210442 1.26709874315739, 103.8347435017039 1.26709874315739, 103.8347435017039 1.267575803360558, 103.8320912210442 1.267575803360558, 103.8320912210442 1.26709874315739))
POLYGON ((103.8320912210442 1.26709874315739, 103.834997842044 1.26709874315739, 103.834997842044 1.267574920740276, 103.8320912210442 1.267574920740276, 103.8320912210442 1.26709874315739))
POLYGON ((103.8324850381853 1.267158063901194, 103.834997842044 1.267158063901194, 103.834997842044 1.267575803360558, 103.8324850381853 1.267575803360558, 103.8324850381853 1.267158063901194))
POLYGON ((103.8325686178396 1.267110773520697, 103.8364710576536 1.267110773520697, 103.8364710576536 1.267574920740276, 103.8325686178396 1.267574920740276, 103.8325686178396 1.267110773520697))
POLYGON ((103.832213684289 1.263616507323707, 103.8362191056487 1.263616507323707, 103.8362191056487 1.264380637850929, 103.832213684289 1.264380637850929, 103.832213684289 1.263616507323707))
POLYGON ((103.832213684289 1.263616507323707, 103.8367460051532 1.263616507323707, 103.8367460051532 1.264288804297271, 103.832213684289 1.264288804297271, 103.832213684289 1.263616507323707))
POLYGON ((103.8329096341864 1.26374267447104, 103.8367460051532 1.26374267447104, 103.8367460051532 1.264380637850929, 103.8329096341864 1.264380637850929, 103.8329096341864 1.26374267447104))
POLYGON ((103.833817462228 1.267110773520697, 103.8376893259907 1.267110773520697, 103.8376893259907 1.267673831523367, 103.833817462228 1.267673831523367, 103.833817462228 1.267110773520697))
POLYGON ((103.8352835539173 1.267225447933794, 103.8380870596298 1.267225447933794, 103.8380870596298 1.267673831523367, 103.8352835539173 1.267673831523367, 103.8352835539173 1.267225447933794))
POLYGON ((103.8352835539173 1.267225447933794, 103.8383984796199 1.267225447933794, 103.8383984796199 1.267673831523367, 103.8352835539173 1.267673831523367, 103.8352835539173 1.267225447933794))
POLYGON ((103.8352835539173 1.267225447933794, 103.8394453939449 1.267225447933794, 103.8394453939449 1.267729121938185, 103.8352835539173 1.267729121938185, 103.8352835539173 1.267225447933794))
POLYGON ((103.8360824402928 1.26727811681384, 103.8383984796199 1.26727811681384, 103.8383984796199 1.267642934005661, 103.8360824402928 1.267642934005661, 103.8360824402928 1.26727811681384))
POLYGON ((103.8360824402928 1.267275896371504, 103.8394453939449 1.267275896371504, 103.8394453939449 1.267729121938185, 103.8360824402928 1.267729121938185, 103.8360824402928 1.267275896371504))
POLYGON ((103.8363938603027 1.267275896371504, 103.8394453939449 1.267275896371504, 103.8394453939449 1.267729121938185, 103.8363938603027 1.267729121938185, 103.8363938603027 1.267275896371504))
POLYGON ((103.8366008350575 1.260105229328999, 103.8403446326238 1.260105229328999, 103.8403446326238 1.263599796756273, 103.8366008350575 1.263599796756273, 103.8366008350575 1.260105229328999))
POLYGON ((103.8366008350575 1.259967515429019, 103.8405593525574 1.259967515429019, 103.8405593525574 1.263599796756273, 103.8366008350575 1.263599796756273, 103.8366008350575 1.259967515429019))
POLYGON ((103.8367456059166 1.267275896371504, 103.8398329884581 1.267275896371504, 103.8398329884581 1.267774209333329, 103.8367456059166 1.267774209333329, 103.8367456059166 1.267275896371504))
POLYGON ((103.8378338065317 1.259967515429019, 103.8405593525574 1.259967515429019, 103.8405593525574 1.262487206716269, 103.8378338065317 1.262487206716269, 103.8378338065317 1.259967515429019))
POLYGON ((103.8378338065317 1.25981480322904, 103.8407350024838 1.25981480322904, 103.8407350024838 1.262487206716269, 103.8378338065317 1.262487206716269, 103.8378338065317 1.25981480322904))
POLYGON ((103.8378338065317 1.259666465612808, 103.8409849508123 1.259666465612808, 103.8409849508123 1.262487206716269, 103.8378338065317 1.262487206716269, 103.8378338065317 1.259666465612808))
POLYGON ((103.8380485265981 1.25981480322904, 103.8407350024838 1.25981480322904, 103.8407350024838 1.262349492816289, 103.8380485265981 1.262349492816289, 103.8380485265981 1.25981480322904))
POLYGON ((103.8380485265981 1.259666465612808, 103.8409849508123 1.259666465612808, 103.8409849508123 1.262349492816289, 103.8380485265981 1.262349492816289, 103.8380485265981 1.259666465612808))
POLYGON ((103.8382241766718 1.259666465612808, 103.8409849508123 1.259666465612808, 103.8409849508123 1.26219678061631, 103.8382241766718 1.26219678061631, 103.8382241766718 1.259666465612808))
POLYGON ((103.8382241766718 1.258346649942197, 103.8423134876411 1.258346649942197, 103.8423134876411 1.26219678061631, 103.8382241766718 1.26219678061631, 103.8382241766718 1.258346649942197))
POLYGON ((103.8384929683464 1.258346649942197, 103.8423134876411 1.258346649942197, 103.8423134876411 1.262029160630485, 103.8384929683464 1.262029160630485, 103.8384929683464 1.258346649942197))
POLYGON ((103.8392403927224 1.264508559240398, 103.8421976059968 1.264508559240398, 103.8421976059968 1.267603241728815, 103.8392403927224 1.267603241728815, 103.8392403927224 1.264508559240398))
POLYGON ((103.8392403927224 1.264379649824679, 103.8426032735001 1.264379649824679, 103.8426032735001 1.267603241728815, 103.8392403927224 1.267603241728815, 103.8392403927224 1.264379649824679))
POLYGON ((103.839457912985 1.264379649824679, 103.8426032735001 1.264379649824679, 103.8426032735001 1.2671064749289, 103.839457912985 1.2671064749289, 103.839457912985 1.264379649824679))
POLYGON ((103.8396119313591 1.257553066280024, 103.843166685894 1.257553066280024, 103.843166685894 1.260906444629743, 103.8396119313591 1.260906444629743, 103.8396119313591 1.257553066280024))
POLYGON ((103.841400863908 1.262550129040731, 103.8443017449638 1.262550129040731, 103.8443017449638 1.265359441729197, 103.841400863908 1.265359441729197, 103.841400863908 1.262550129040731))
POLYGON ((103.841400863908 1.262374043940761, 103.844477654871 1.262374043940761, 103.844477654871 1.265359441729197, 103.841400863908 1.265359441729197, 103.841400863908 1.262374043940761))
POLYGON ((103.841400863908 1.262213878940788, 103.8447645782666 1.262213878940788, 103.8447645782666 1.265359441729197, 103.841400863908 1.265359441729197, 103.841400863908 1.262213878940788))
POLYGON ((103.841400863908 1.262052490325063, 103.8450260222876 1.262052490325063, 103.8450260222876 1.265359441729197, 103.841400863908 1.265359441729197, 103.841400863908 1.262052490325063))
POLYGON ((103.8415620540196 1.262374043940761, 103.844477654871 1.262374043940761, 103.844477654871 1.265148044729233, 103.8415620540196 1.265148044729233, 103.8415620540196 1.262374043940761))
POLYGON ((103.8415620540196 1.262213878940788, 103.8447645782666 1.262213878940788, 103.8447645782666 1.265148044729233, 103.8415620540196 1.265148044729233, 103.8415620540196 1.262213878940788))
POLYGON ((103.8415620540196 1.262052490325063, 103.8450260222876 1.262052490325063, 103.8450260222876 1.265148044729233, 103.8415620540196 1.265148044729233, 103.8415620540196 1.262052490325063))
POLYGON ((103.8417379641126 1.262213878940788, 103.8447645782666 1.262213878940788, 103.8447645782666 1.264971959629263, 103.8417379641126 1.264971959629263, 103.8417379641126 1.262213878940788))
POLYGON ((103.8417379641126 1.262052490325063, 103.8450260222876 1.262052490325063, 103.8450260222876 1.264971959629263, 103.8417379641126 1.264971959629263, 103.8417379641126 1.262052490325063))
POLYGON ((103.8417379641126 1.261518941103521, 103.8456948481391 1.261518941103521, 103.8456948481391 1.264971959629263, 103.8417379641126 1.264971959629263, 103.8417379641126 1.261518941103521))
POLYGON ((103.8420248876771 1.262052490325063, 103.8450260222876 1.262052490325063, 103.8450260222876 1.26481179462929, 103.8420248876771 1.26481179462929, 103.8420248876771 1.262052490325063))
POLYGON ((103.8420248876771 1.261518941103521, 103.8456948481391 1.261518941103521, 103.8456948481391 1.26481179462929, 103.8420248876771 1.26481179462929, 103.8420248876771 1.261518941103521))
POLYGON ((103.8423192167244 1.261518941103521, 103.8456948481391 1.261518941103521, 103.8456948481391 1.264619747858345, 103.8423192167244 1.264619747858345, 103.8423192167244 1.261518941103521))
POLYGON ((103.8423192167244 1.26094397740991, 103.8463040476151 1.26094397740991, 103.8463040476151 1.264619747858345, 103.8423192167244 1.264619747858345, 103.8423192167244 1.26094397740991))
POLYGON ((103.8430870109746 1.26094397740991, 103.8463040476151 1.26094397740991, 103.8463040476151 1.263927178900269, 103.8430870109746 1.263927178900269, 103.8430870109746 1.26094397740991))
POLYGON ((103.8464802794392 1.263090726668088, 103.8488362897421 1.263090726668088, 103.8488362897421 1.265665422816552, 103.8464802794392 1.265665422816552, 103.8464802794392 1.263090726668088))
POLYGON ((103.8464802794392 1.263170072445998, 103.848931346647 1.263170072445998, 103.848931346647 1.265665422816552, 103.8464802794392 1.265665422816552, 103.8464802794392 1.263170072445998))
POLYGON ((103.8464802794392 1.262397457710423, 103.8494113292245 1.262397457710423, 103.8494113292245 1.265665422816552, 103.8464802794392 1.265665422816552, 103.8464802794392 1.262397457710423))
POLYGON ((103.8468058695865 1.263090726668088, 103.848931346647 1.263090726668088, 103.848931346647 1.265289008516583, 103.8468058695865 1.265289008516583, 103.8468058695865 1.263090726668088))
POLYGON ((103.8468058695865 1.262397457710423, 103.8494113292245 1.262397457710423, 103.8494113292245 1.265289008516583, 103.8468058695865 1.265289008516583, 103.8468058695865 1.262397457710423))
POLYGON ((103.8468058695865 1.261676344628966, 103.8501111063075 1.261676344628966, 103.8501111063075 1.265289008516583, 103.8468058695865 1.265289008516583, 103.8468058695865 1.261676344628966))
POLYGON ((103.8469791527401 1.262397457710423, 103.8494113292245 1.262397457710423, 103.8494113292245 1.265281496360602, 103.8469791527401 1.265281496360602, 103.8469791527401 1.262397457710423))
POLYGON ((103.8469791527401 1.261676344628966, 103.8501111063075 1.261676344628966, 103.8501111063075 1.265281496360602, 103.8469791527401 1.265281496360602, 103.8469791527401 1.261676344628966))
POLYGON ((103.8471208299029 1.261676344628966, 103.8501111063075 1.261676344628966, 103.8501111063075 1.26488170800195, 103.8471208299029 1.26488170800195, 103.8471208299029 1.261676344628966))
POLYGON ((103.84780857281 1.260886562659597, 103.8508229774599 1.260886562659597, 103.8508229774599 1.264173957679553, 103.84780857281 1.264173957679553, 103.84780857281 1.260886562659597))
POLYGON ((103.8485137616582 1.260087816739372, 103.8514664840256 1.260087816739372, 103.8514664840256 1.263390191651336, 103.8485137616582 1.263390191651336, 103.8485137616582 1.260087816739372))
POLYGON ((103.8514866861783 1.263770164156972, 103.8519239970023 1.263770164156972, 103.8519239970023 1.267630173249705, 103.8514866861783 1.267630173249705, 103.8514866861783 1.263770164156972))
POLYGON ((103.997812889603 1.17321774592398, 103.9997827404532 1.17321774592398, 103.9997827404532 1.173753929334631, 103.997812889603 1.173753929334631, 103.997812889603 1.17321774592398))