POLYGON  (( 103.61091315927474 1.2532390817847214 , 103.6108580904228 1.252847341615586 , 103.60832898074322 1.2532026997781478 , 103.60838404922437 1.2535944400004344 , 103.61091315927474 1.2532390817847214 ))
POLYGON  (( 103.67445101286779 1.2929650611024268 , 103.67431947197055 1.2928424285061475 , 103.67336882694103 1.2938616107190175 , 103.67350036784515 1.2939842433645485 , 103.67445101286779 1.2929650611024268 ))
POLYGON  (( 103.68698806198724 1.2914098604500068 , 103.68688564956493 1.291791971053226 , 103.68904859840268 1.2923713841324191 , 103.68915101052305 1.291989273442057 , 103.68698806198724 1.2914098604500068 ))
POLYGON  (( 103.69376289720331 1.2935439218194624 , 103.69381796655529 1.2931521815996039 , 103.69159160309808 1.2928393663163993 , 103.69153653340925 1.2932311064879767 , 103.69376289720331 1.2935439218194624 ))
POLYGON  (( 103.69936317420922 1.2866818849510717 , 103.69950549189953 1.2865444849555792 , 103.6985934259539 1.2856002509909141 , 103.69845110826715 1.2857376509355694 , 103.69936317420922 1.2866818849510717 ))
POLYGON  (( 103.71939943255653 1.294013160962705 , 103.71932090311886 1.293643803966712 , 103.71717456740542 1.2940999053496458 , 103.71725309654467 1.2944692624120575 , 103.71939943255653 1.294013160962705 ))
POLYGON  (( 103.7195372735484 1.3053636549759742 , 103.71936385551075 1.3051570371367285 , 103.71812382621724 1.3061972750254285 , 103.71829724422473 1.306403892950181 , 103.7195372735484 1.3053636549759742 ))
POLYGON  (( 103.72044413211229 1.3042310173811582 , 103.72060259768683 1.3044266554635382 , 103.72185360765894 1.3034138698216553 , 103.72169514205092 1.303218231817983 , 103.72044413211229 1.3042310173811582 ))
POLYGON  (( 103.72097241990852 1.2991876381908045 , 103.72098685692006 1.2996009576758554 , 103.72264056020892 1.299543223933936 , 103.72262612292711 1.2991299044583318 , 103.72097241990852 1.2991876381908045 ))
POLYGON  (( 103.73687184413325 1.2373969622867236 , 103.73691686102751 1.237112802504984 , 103.73529144356006 1.2368554216780379 , 103.73524642649609 1.2371395814322115 , 103.73687184413325 1.2373969622867236 ))
POLYGON  (( 103.73845303623048 1.2384421789429438 , 103.73850810442156 1.2380504387243911 , 103.73630850405296 1.2377413772235681 , 103.73625343554329 1.2381331173964518 , 103.73845303623048 1.2384421789429438 ))
POLYGON  (( 103.7429519992289 1.2387519221778578 , 103.7429069821326 1.23903608193201 , 103.74453240093266 1.2392934627865433 , 103.74457741785896 1.2390093030047826 , 103.7429519992289 1.2387519221778578 ))
POLYGON  (( 103.74678103677527 1.2397388790782466 , 103.74683743660668 1.2392023931822007 , 103.74385924369328 1.2388894457163016 , 103.74380284326527 1.2394259315489558 , 103.74678103677527 1.2397388790782466 ))
POLYGON  (( 103.74675417111945 1.290903275564603 , 103.74666048070047 1.2906312481449247 , 103.74510442879502 1.2911669037679006 , 103.74519811906725 1.2914389312448935 , 103.74675417111945 1.290903275564603 ))
POLYGON  (( 103.7516595784607 1.283575756618134 , 103.75193708275562 1.2834090569820538 , 103.75101074175585 1.281867753140755 , 103.75073323756773 1.282034452676424 , 103.7516595784607 1.283575756618134 ))
POLYGON  (( 103.75284312026226 1.2856352693631201 , 103.75313604169797 1.2854593086360615 , 103.75220969995064 1.2839180047976368 , 103.75191677862787 1.284093965418536 , 103.75284312026226 1.2856352693631201 ))
POLYGON  (( 103.75269803810309 1.2964452068786285 , 103.75277774535571 1.2964592578209204 , 103.75283240188907 1.2961493645195894 , 103.75275269464589 1.296135313579017 , 103.75269803810309 1.2964452068786285 ))
POLYGON  (( 103.75331305117324 1.2961478999601987 , 103.75348898048814 1.2961852853251656 , 103.75357498880778 1.295780751433032 , 103.75339905951972 1.2957433660740365 , 103.75331305117324 1.2961478999601987 ))
POLYGON  (( 103.75658202411857 1.2860977190054088 , 103.75662704184366 1.2858135592217976 , 103.75485059607321 1.28553226870114 , 103.75480557815531 1.2858164284534384 , 103.75658202411857 1.2860977190054088 ))
POLYGON  (( 103.75684116396215 1.2862578316952296 , 103.75689040210179 1.2859470319319026 , 103.75511395623822 1.2856657414127146 , 103.75506471788769 1.285976541141789 , 103.75684116396215 1.2862578316952296 ))
POLYGON  (( 103.75699944394758 1.2862147998952342 , 103.75704868208639 1.285904000131908 , 103.75527223625276 1.2856227096127195 , 103.75522299790306 1.2859335093417945 , 103.75699944394758 1.2862147998952342 ))
POLYGON  (( 103.75561805500595 1.2864060768116965 , 103.75581721844233 1.2867374572487522 , 103.7583918443338 1.2851908554351759 , 103.75819268068386 1.284859475198893 , 103.75561805500595 1.2864060768116965 ))
POLYGON  (( 103.75875762235412 1.2753868126992074 , 103.75847972061322 1.2749244216978362 , 103.75540405674286 1.27677200860824 , 103.75568195813048 1.2772343999417495 , 103.75875762235412 1.2753868126992074 ))
POLYGON  (( 103.75680108875751 1.2856336313887473 , 103.75703040869591 1.2860307256698864 , 103.75989643644074 1.2843764398739652 , 103.75966711620532 1.2839793458500055 , 103.75680108875751 1.2856336313887473 ))
POLYGON  (( 103.75736158493739 1.2853501280975237 , 103.75759780192145 1.2857431607209209 , 103.7604345142742 1.2840391203789394 , 103.7601982970113 1.2836460880176837 , 103.75736158493739 1.2853501280975237 ))
POLYGON  (( 103.75915864558498 1.2842733654979108 , 103.75939486246966 1.284666398121198 , 103.76223157362726 1.2829623577793263 , 103.76199535646398 1.2825693254179606 , 103.75915864558498 1.2842733654979108 ))
POLYGON  (( 103.75966763178644 1.283963783341918 , 103.75988995353349 1.2843336963984298 , 103.76271124742526 1.2826389171530632 , 103.76248892541749 1.2822690043416658 , 103.75966763178644 1.283963783341918 ))
POLYGON  (( 103.7598778618189 1.2839093000419368 , 103.7601001835612 1.2842792130984433 , 103.76292147739287 1.282584433853082 , 103.76269915538984 1.2822145210416795 , 103.7598778618189 1.2839093000419368 ))
POLYGON  (( 103.76253215811087 1.2896275987009918 , 103.76239264204933 1.2893759690451165 , 103.76033190150412 1.2905179666235542 , 103.76047141742445 1.290769596392375 , 103.76253215811087 1.2896275987009918 ))
POLYGON  (( 103.76098269856465 1.2901694192916338 , 103.76113091345502 1.2904160279748467 , 103.76321220099574 1.2891657810203418 , 103.7630639859765 1.2889191724582754 , 103.76098269856465 1.2901694192916338 ))
POLYGON  (( 103.76204135837337 1.2824329955141518 , 103.76222662641362 1.282741256376072 , 103.76453916109942 1.281352093076988 , 103.76435389288127 1.2810438323823115 , 103.76204135837337 1.2824329955141518 ))
POLYGON  (( 103.7645569887254 1.2882904584014214 , 103.7643717200029 1.2879821977074781 , 103.7620514707406 1.2893759913826364 , 103.76223673928365 1.2896842522452898 , 103.7645569887254 1.2882904584014214 ))
POLYGON  (( 103.7620155961879 1.2825051524781619 , 103.76222865441595 1.2828596524850733 , 103.76491890309691 1.2812435924992525 , 103.76470584463087 1.2808890927160828 , 103.7620155961879 1.2825051524781619 ))
POLYGON  (( 103.76515864500801 1.2716316414165403 , 103.76488885781875 1.2711644719877118 , 103.76178141412375 1.2729581130787164 , 103.76205120093785 1.2734252828323511 , 103.76515864500801 1.2716316414165403 ))
POLYGON  (( 103.76228605658122 1.2893360644842349 , 103.76246591564606 1.2896475109611323 , 103.76481014290258 1.2882944130906686 , 103.7646302836466 1.2879829667792457 , 103.76228605658122 1.2893360644842349 ))
POLYGON  (( 103.76217924109123 1.2727679575241124 , 103.76244324699914 1.2732072292900563 , 103.76551119800244 1.271364272600759 , 103.7652471917608 1.2709250011485653 , 103.76217924109123 1.2727679575241124 ))
POLYGON  (( 103.76248517126724 1.2724955066242274 , 103.7627491771473 1.2729347783901375 , 103.76581712782667 1.271091821700874 , 103.76555312161294 1.2706525502486468 , 103.76248517126724 1.2724955066242274 ))
POLYGON  (( 103.76323409527373 1.2887694597126464 , 103.76341936377315 1.2890777205749804 , 103.76573190419644 1.2876885572754826 , 103.76554663551822 1.2873802965812196 , 103.76323409527373 1.2887694597126464 ))
POLYGON  (( 103.76407643338399 1.2812076119359834 , 103.76428327063454 1.2815657753944885 , 103.7668922859855 1.2800598358909892 , 103.76668544849188 1.2797016726429302 , 103.76407643338399 1.2812076119359834 ))
POLYGON  (( 103.7667451638673 1.287016593475642 , 103.76655989523798 1.2867083327813353 , 103.76424735560317 1.288097495912806 , 103.76443262405381 1.288405756775096 , 103.7667451638673 1.287016593475642 ))
POLYGON  (( 103.76460639227389 1.2809835214441108 , 103.76482871379922 1.281353434478304 , 103.76714124722213 1.2799642711626051 , 103.76691892548358 1.2795943583288822 , 103.76460639227389 1.2809835214441108 ))
POLYGON  (( 103.7671340580079 1.2868304486017705 , 103.76694878939165 1.2865221879077318 , 103.76462854145869 1.2879159815829853 , 103.76481380989567 1.2882242424455432 , 103.7671340580079 1.2868304486017705 ))
POLYGON  (( 103.76906773360803 1.2856139999015417 , 103.76892385789704 1.285354506818517 , 103.76687098601404 1.286492145625995 , 103.76701486158044 1.2867516388246887 , 103.76906773360803 1.2856139999015417 ))
POLYGON  (( 103.76887557644909 1.2370512765664468 , 103.76870780472755 1.236828687969247 , 103.76737914333133 1.2378296726225944 , 103.76754691500467 1.2380522613037939 , 103.76887557644909 1.2370512765664468 ))
POLYGON  (( 103.766688867611 1.2797437015966333 , 103.7669111890006 1.2801136146477397 , 103.76961685167277 1.278488293568537 , 103.76939453003396 1.2781183807517327 , 103.766688867611 1.2797437015966333 ))
POLYGON  (( 103.76685305765199 1.2796718542966568 , 103.76707537903538 1.2800417673477564 , 103.76978104163179 1.2784164462685605 , 103.7695587199992 1.2780465334517495 , 103.76685305765199 1.2796718542966568 ))
POLYGON  (( 103.76701634771432 1.279562664896693 , 103.76723866908824 1.2799325779477824 , 103.76994433156953 1.2783072568685965 , 103.76972200994642 1.2779373440517754 , 103.76701634771432 1.279562664896693 ))
POLYGON  (( 103.76947513467142 1.279020477764276 , 103.76922846455213 1.2791686551213965 , 103.77032154565319 1.2809873937659129 , 103.77056821588427 1.2808392163036952 , 103.76947513467142 1.279020477764276 ))
POLYGON  (( 103.77160351033199 1.2841074034047117 , 103.77143714080643 1.283819315558536 , 103.769334349257 1.2850330576917437 , 103.76950071862449 1.2853211456747669 , 103.77160351033199 1.2841074034047117 ))
POLYGON  (( 103.77195048061175 1.2838125136844767 , 103.77180226590724 1.283565905120147 , 103.76979035898171 1.2847744770593081 , 103.76993857356216 1.2850210857402582 , 103.77195048061175 1.2838125136844767 ))
POLYGON  (( 103.77064354090996 1.2808152880302413 , 103.77041228751754 1.2809542043123 , 103.7712876792907 1.2824107365292763 , 103.77151893276714 1.2822718201682122 , 103.77064354090996 1.2808152880302413 ))
POLYGON  (( 103.77204660666028 1.2703960113647648 , 103.77241661045645 1.2701737451346866 , 103.7708001540413 1.267484169959628 , 103.77043015049098 1.2677064359585934 , 103.77204660666028 1.2703960113647648 ))
POLYGON  (( 103.77104691472682 1.2815329034981184 , 103.77079522202047 1.2816723840689417 , 103.77194186565919 1.2837404658236733 , 103.77219355850646 1.283600985140127 , 103.77104691472682 1.2815329034981184 ))
POLYGON  (( 103.77118825262092 1.2817235657531802 , 103.77093903310963 1.281867416623456 , 103.7721171077755 1.2839073905625618 , 103.77236632741925 1.283763539577595 , 103.77118825262092 1.2817235657531802 ))
POLYGON  (( 103.7710897707048 1.284119975188489 , 103.77121117535914 1.2843302015394809 , 103.77268312909597 1.2834805819633845 , 103.77256172436093 1.2832703556822542 , 103.7710897707048 1.284119975188489 ))
POLYGON  (( 103.77336161000473 1.272680066666987 , 103.77368536361394 1.2724855837146152 , 103.77205501073087 1.2697728889677942 , 103.771731257339 1.2699673717158364 , 103.77336161000473 1.272680066666987 ))
POLYGON  (( 103.77355232134222 1.2732975226091563 , 103.77393772442575 1.273083942784231 , 103.77240305932163 1.270316016062961 , 103.77201765652445 1.2705295956588194 , 103.77355232134222 1.2732975226091563 ))
POLYGON  (( 103.77533533365502 1.276047863089932 , 103.77571304669343 1.2758209663169409 , 103.77415216699376 1.2732238693742275 , 103.77377445419877 1.2734507659183802 , 103.77533533365502 1.276047863089932 ))
POLYGON  (( 103.77587632767512 1.277059411032687 , 103.7762463324242 1.2768371447963465 , 103.77455113310842 1.2740165587967813 , 103.77418112861848 1.274238824789491 , 103.77587632767512 1.277059411032687 ))
POLYGON  (( 103.77598811770248 1.27716557023268 , 103.77635812246683 1.2769433039963294 , 103.7746629230811 1.2741227179967745 , 103.77429291857591 1.2743449839894738 , 103.77598811770248 1.27716557023268 ))
POLYGON  (( 103.77606289397734 1.2776352567157911 , 103.77644043232577 1.2774260356579448 , 103.77484472675373 1.2745480209400484 , 103.77446718869795 1.2747572417637918 , 103.77606289397734 1.2776352567157911 ))
POLYGON  (( 103.77657142559548 1.2297199052156074 , 103.77645696650922 1.2296054725184098 , 103.77575749431533 1.2303047835223566 , 103.7758719534016 1.2304192162495424 , 103.77657142559548 1.2297199052156074 ))
POLYGON  (( 103.77664564655211 1.2781253856458605 , 103.77688969224634 1.2779729268454088 , 103.77594135367673 1.2764556451059064 , 103.77569730807033 1.276608103816339 , 103.77664564655211 1.2781253856458605 ))
POLYGON  (( 103.77644584113482 1.2775148974669446 , 103.77620179542924 1.2776673561796041 , 103.77710247906894 1.2791083926910949 , 103.777346524858 1.2789559338928713 , 103.77644584113482 1.2775148974669446 ))
POLYGON  (( 103.77869136458956 1.2276337423792911 , 103.77841068217145 1.2273810729232741 , 103.77703271501403 1.2289111087634528 , 103.77731339746255 1.229163778364137 , 103.77869136458956 1.2276337423792911 ))
POLYGON  (( 103.77789107457805 1.2267868868784975 , 103.7779775921226 1.226834833346131 , 103.77810402541479 1.2266067939172676 , 103.77801750787535 1.2265588474537203 , 103.77789107457805 1.2267868868784975 ))
POLYGON  (( 103.77782662991261 1.228051766658055 , 103.77796894441514 1.2281891666523912 , 103.7788809899283 1.2272449326380452 , 103.77873867542917 1.2271075326922338 , 103.77782662991261 1.228051766658055 ))
POLYGON  (( 103.78101348711225 1.2577395170874932 , 103.78079116726674 1.2573696042638585 , 103.77820115224843 1.2589254669548293 , 103.77842347185926 1.2592953799991071 , 103.78101348711225 1.2577395170874932 ))
POLYGON  (( 103.78268215853846 1.266093301762183 , 103.78231215518664 1.2663155677609441 , 103.78393324216687 1.2690128496867767 , 103.78430324576495 1.268790583456494 , 103.78268215853846 1.266093301762183 ))
POLYGON  (( 103.78387072622868 1.2681686613418004 , 103.78349301410748 1.2683955577767092 , 103.78655455653585 1.2734895673613333 , 103.78693226913306 1.2732626704789165 , 103.78387072622868 1.2681686613418004 ))
POLYGON  (( 103.78489796496166 1.2698883122547335 , 103.78454715026442 1.2701074716072944 , 103.78614359570734 1.2726616897951009 , 103.78649441061613 1.2724425302257278 , 103.78489796496166 1.2698883122547335 ))
POLYGON  (( 103.78853244111474 1.259949362108377 , 103.78885619315339 1.2597548791883402 , 103.78773069920312 1.2578821950300174 , 103.78740694731304 1.2580766778103638 , 103.78853244111474 1.259949362108377 ))
POLYGON  (( 103.79999782055387 1.2051826438558326 , 103.79978736214726 1.2049864317062207 , 103.7986527591941 1.206202874978099 , 103.79886321761296 1.2063990872153854 , 103.79999782055387 1.2051826438558326 ))
POLYGON  (( 103.82603426424652 1.2638701528509724 , 103.8261482554079 1.2636558186703073 , 103.82479841597515 1.2629382708021262 , 103.82468442473389 1.2631526049235926 , 103.82603426424652 1.2638701528509724 ))
POLYGON  (( 103.82670435495962 1.2614654356998485 , 103.82655597262153 1.2617223789172904 , 103.82858086555478 1.2628911677617924 , 103.82872924775948 1.2626342244288673 , 103.82670435495962 1.2614654356998485 ))
POLYGON  (( 103.8285965262094 1.2625984976649574 , 103.82840317942912 1.2629333024575757 , 103.83058383440007 1.2641919981551826 , 103.83077718099298 1.2638571932003546 , 103.8285965262094 1.2625984976649574 ))
POLYGON  (( 103.82934918196348 1.2655362272745985 , 103.8292142887311 1.2657698120252596 , 103.83094323841516 1.266767777880469 , 103.83107813154369 1.2665341930398846 , 103.82934918196348 1.2655362272745985 ))
POLYGON  (( 103.82963615837532 1.2656227751161133 , 103.82949227225554 1.2658719321834813 , 103.831221222006 1.266869898041692 , 103.83136510801499 1.2666207408783987 , 103.82963615837532 1.2656227751161133 ))
POLYGON  (( 103.83267930433682 1.264009655009995 , 103.83268934729873 1.2637221284104099 , 103.83031667583165 1.2636392930529343 , 103.83030663260739 1.2639268196433489 , 103.83267930433682 1.264009655009995 ))
POLYGON  (( 103.83098213193611 1.266539327456578 , 103.83085133681973 1.266775230274396 , 103.83233788834121 1.267599037766119 , 103.8324686833638 1.2673631348732797 , 103.83098213193611 1.266539327456578 ))
POLYGON  (( 103.8309330338354 1.263655406411514 , 103.83092267676183 1.263951918207933 , 103.83326838633475 1.2640338122637367 , 103.83327874314082 1.2637373004579673 , 103.8309330338354 1.263655406411514 ))
POLYGON  (( 103.83210283353014 1.2670987431573904 , 103.83209122104417 1.2674311957778266 , 103.83433807230718 1.2675096383605708 , 103.83434968450511 1.2671771857300655 , 103.83210283353014 1.2670987431573904 ))
POLYGON  (( 103.83249665067159 1.2671649081573777 , 103.8324850381853 1.267497360777814 , 103.83473188950572 1.2675758033605584 , 103.83474350170394 1.2672433507300527 , 103.83249665067159 1.2671649081573777 ))
POLYGON  (( 103.83258023033684 1.2671580639011941 , 103.83256861783963 1.2674905165212442 , 103.83498622985678 1.2675749207402764 , 103.83499784204403 1.2672424681093912 , 103.83258023033684 1.2671580639011941 ))
POLYGON  (( 103.83223627578501 1.2636165073237073 , 103.832213684289 1.2640474686640943 , 103.83550056459408 1.2642196848509948 , 103.83552315554613 1.2637887234820284 , 103.83223627578501 1.2636165073237073 ))
POLYGON  (( 103.83619651469526 1.2643806378509295 , 103.83621910564868 1.2639496764819613 , 103.83293222568386 1.2637774603236422 , 103.83290963418641 1.264208421664027 , 103.83619651469526 1.2643806378509295 ))
POLYGON  (( 103.83345661955897 1.2637426744710405 , 103.8334415546454 1.2641739643539749 , 103.83673094078536 1.2642888042972706 , 103.83674600515323 1.2638575143952622 , 103.83345661955897 1.2637426744710405 ))
POLYGON  (( 103.83382876088773 1.2671107735206975 , 103.83381746222798 1.267434240934306 , 103.83645975932343 1.2675264894114513 , 103.83647105765358 1.2672030219863213 , 103.83382876088773 1.2671107735206975 ))
POLYGON  (( 103.83530049750703 1.2672254479337937 , 103.83528355391728 1.267548668942011 , 103.83767238269829 1.2676738315233667 , 103.83768932599072 1.2673506104995276 , 103.83530049750703 1.2672254479337937 ))
POLYGON  (( 103.83609185580956 1.267303720813836 , 103.83608244029284 1.2675732769930288 , 103.83807764432052 1.2676429340056612 , 103.83808705962981 1.2673733778192178 , 103.83609185580956 1.267303720813836 ))
POLYGON  (( 103.83640327581939 1.2672781168138398 , 103.83639386030275 1.2675476729930324 , 103.83838906431069 1.2676173300056648 , 103.8383984796199 1.2673477738192218 , 103.83640327581939 1.2672781168138398 ))
POLYGON  (( 103.83660083505748 1.2632924531783714 , 103.83687763551337 1.2635997967562727 , 103.83912312411111 1.2615784404101897 , 103.83884632360497 1.261271097071235 , 103.83660083505748 1.2632924531783714 ))
POLYGON  (( 103.83675815998706 1.2672758963715036 , 103.83674560591665 1.2676353046087359 , 103.83943284024699 1.2677291219381845 , 103.83944539394489 1.2673697136879314 , 103.83675815998706 1.2672758963715036 ))
POLYGON  (( 103.83794707111223 1.2674060459285674 , 103.83793295147939 1.2676753967701258 , 103.83981886902086 1.267774209333329 , 103.83983298845806 1.267504858481492 , 103.83794707111223 1.2674060459285674 ))
POLYGON  (( 103.83783380653166 1.2621715888657832 , 103.8381281961329 1.2624872067162691 , 103.84034463262377 1.2604208469288691 , 103.84005024298747 1.2601052293289994 , 103.83783380653166 1.2621715888657832 ))
POLYGON  (( 103.83804852659813 1.2620338749658162 , 103.83834291618378 1.2623494928162888 , 103.84055935255736 1.2602831330289022 , 103.84026496293664 1.2599675154290186 , 103.83804852659813 1.2620338749658162 ))
POLYGON  (( 103.83822417667184 1.261881162765853 , 103.83851856624021 1.2621967806163101 , 103.84073500248375 1.260130420828939 , 103.84044061288031 1.2598148032290404 , 103.83822417667184 1.261881162765853 ))
POLYGON  (( 103.83849296834643 1.2617266935241678 , 103.83877509166572 1.2620291606304845 , 103.84098495081227 1.2599689324797487 , 103.84070282745948 1.2596664656128078 , 103.83849296834643 1.2617266935241678 ))
POLYGON  (( 103.83924039272236 1.2672678977494491 , 103.83955318227495 1.267603241728815 , 103.84198008625914 1.2653406697269562 , 103.84166729666559 1.2650053260403131 , 103.83924039272236 1.2672678977494491 ))
POLYGON  (( 103.83945791298504 1.2667711309495913 , 103.8397707024777 1.2671064749288996 , 103.84219760599683 1.2648439029270984 , 103.84188481646325 1.2645085592403975 , 103.83945791298504 1.2667711309495913 ))
POLYGON  (( 103.83961193135914 1.2605908267686516 , 103.83990632077013 1.2609064446297433 , 103.84231348764112 1.2586622675314665 , 103.84201909819211 1.258346649942197 , 103.83961193135914 1.2605908267686516 ))
POLYGON  (( 103.83989646551012 1.266611563380652 , 103.84020925498567 1.266946907357961 , 103.8426032735001 1.2647149935133777 , 103.84229048398419 1.2643796498246787 , 103.83989646551012 1.266611563380652 ))
POLYGON  (( 103.84070101328659 1.2595887676688315 , 103.84098313637594 1.2598912347735236 , 103.84316668589399 1.2578555331485881 , 103.8428845627716 1.2575530662800236 , 103.84070101328659 1.2595887676688315 ))
POLYGON  (( 103.84140086390802 1.2650240977500904 , 103.84171365319013 1.2653594417291967 , 103.84414055507526 1.2630968697275973 , 103.84382776575228 1.262761526040695 , 103.84140086390802 1.2650240977500904 ))
POLYGON  (( 103.84156205401962 1.2648127007501506 , 103.84187484327626 1.2651480447292327 , 103.84430174496383 1.2628854727276577 , 103.84398895566632 1.2625501290407308 , 103.84156205401962 1.2648127007501506 ))
POLYGON  (( 103.84173796411257 1.264636615650201 , 103.842050753348 1.2649719596292626 , 103.84447765487103 1.2627093876277082 , 103.84416486559473 1.2623740439407607 , 103.84173796411257 1.264636615650201 ))
POLYGON  (( 103.8420248876771 1.2644764506502466 , 103.84233767689325 1.2648117946292898 , 103.84476457826662 1.2625492226277537 , 103.84445178900961 1.2622138789407877 , 103.8420248876771 1.2644764506502466 ))
POLYGON  (( 103.84231921672442 1.2642844038813015 , 103.84263200591958 1.2646197478583452 , 103.84502602228764 1.262387834014027 , 103.84471323305218 1.2620524903250627 , 103.84231921672442 1.2642844038813015 ))
POLYGON  (( 103.84308701097464 1.263606472554 , 103.84337584626404 1.263927178900269 , 103.84569484813906 1.2618396471922326 , 103.84540601279551 1.2615189411035206 , 103.84308701097464 1.263606472554 ))
POLYGON  (( 103.8440461716846 1.2628202564147621 , 103.84429149642128 1.2630832712806133 , 103.84630404761513 1.2612069920860183 , 103.84605872285192 1.2609439774099103 , 103.8440461716846 1.2628202564147621 ))
POLYGON  (( 103.8464802794392 1.2654247850797502 , 103.8467475997457 1.2656654228165516 , 103.84851069988922 1.2637077785233626 , 103.8482433796209 1.2634671409680562 , 103.8464802794392 1.2654247850797502 ))
POLYGON  (( 103.84680586958653 1.2650483707798093 , 103.84707318985424 1.2652890085165833 , 103.84883628974211 1.2633313642234214 , 103.84856896951256 1.263090726668088 , 103.84680586958653 1.2650483707798093 ))
POLYGON  (( 103.84697915274013 1.2650408586278512 , 103.84724647301071 1.2652814963606016 , 103.84893134664699 1.2634107100053527 , 103.84866402641288 1.2631700724459978 , 103.84697915274013 1.2650408586278512 ))
POLYGON  (( 103.84712082990295 1.2646290383650505 , 103.84740151612735 1.2648817080019499 , 103.84941132922452 1.2626501271302448 , 103.84913064304577 1.2623974577104227 , 103.84712082990295 1.2646290383650505 ))
POLYGON  (( 103.84780857280997 1.2639212880420654 , 103.84808925895732 1.2641739576795532 , 103.85011110630752 1.2619290140482002 , 103.84983042020606 1.2616763446289658 , 103.84780857280997 1.2639212880420654 ))
POLYGON  (( 103.8508229774599 1.2611452480174545 , 103.85053560844298 1.2608865626595973 , 103.84851376165824 1.2631315060701682 , 103.84880113072211 1.263390191651336 , 103.8508229774599 1.2611452480174545 ))
POLYGON  (( 103.8492354951602 1.2622459022204477 , 103.84952286413011 1.2625045877972225 , 103.85146648402561 1.2603465021016198 , 103.85117911510079 1.2600878167393723 , 103.8492354951602 1.2622459022204477 ))
POLYGON  (( 103.85148668617826 1.2664669582488333 , 103.85186432960418 1.2664735484325043 , 103.85191141360151 1.2637767543337923 , 103.851533770568 1.2637701641569719 , 103.85148668617826 1.2664669582488333 ))
POLYGON  (( 103.85192633346834 1.2679458915918884 , 103.85153064653166 1.2679458915918884 , 103.85153064630946 1.270849882192981 , 103.85192633369054 1.270849882192981 , 103.85192633346834 1.2679458915918884 ))
POLYGON  (( 103.85192399677832 1.2646272851358817 , 103.85153730322166 1.2646272851358817 , 103.85153730299768 1.2676301732497053 , 103.8519239970023 1.2676301732497053 , 103.85192399677832 1.2646272851358817 ))
POLYGON  (( 103.99759224470444 1.1767769062707512 , 103.99768934334001 1.1771973984077897 , 103.99907375532239 1.1768778491325986 , 103.99897665648922 1.1764573570437353 , 103.99759224470444 1.1767769062707512 ))
POLYGON  (( 103.99781288960298 1.1733944249804082 , 103.99785048867342 1.1737520822346308 , 103.99953183045263 1.173575403155611 , 103.99949423116956 1.17321774592398 , 103.99781288960298 1.1733944249804082 ))
POLYGON  (( 103.99806379960243 1.1733962720804079 , 103.9981013986729 1.1737539293346306 , 103.99978274045318 1.1735772502556105 , 103.99974514117011 1.1732195930239795 , 103.99806379960243 1.1733962720804079 ))
