120.7321929931,36.3286972047,4158
120.7335662841,36.3286972047,15
120.7335662841,36.3307571412,6380
117.8482818604,38.2677841187,4
117.8482818604,38.2684707642,112
117.8482818604,38.2691574097,44
117.8757476806,38.3172225953,84
117.8771209716,38.3172225953,104
117.8757476806,38.3192825318,2
117.8771209716,38.3192825318,1590
117.8812408447,38.3179092408,3265
117.8812408447,38.3185958863,515
117.8345489502,38.3261489869,739
117.8345489502,38.3268356324,105
117.8359222412,38.3268356324,1297
117.8345489502,38.3275222779,4
117.8359222412,38.3275222779,809
117.8372955322,38.3282089234,285
117.8372955322,38.3288955689,2249
117.8386688232,38.3288955689,863
117.8578948975,38.341255188,1
117.8578948975,38.3419418335,84
117.8592681885,38.3426284791,25
117.8592681885,38.3433151246,3214
117.8606414795,38.3433151246,1
117.8592681885,38.3440017701,1
117.8606414795,38.3440017701,291
117.8606414795,38.3446884156,2
117.8716278076,38.3220291138,2583
117.8716278076,38.3240890503,2842
117.8675079346,38.3254623413,596
117.8716278076,38.3247756958,1868
117.8757476806,38.3206558228,2171
117.8757476806,38.3213424683,8
117.8730010986,38.3220291138,1
117.8771209716,38.3220291138,3
117.8784942627,38.3206558228,3189
117.8784942627,38.3213424683,631
117.8784942627,38.3220291138,695
117.8784942627,38.3227157593,2701
117.8826141357,38.3220291138,1
117.8812408447,38.3227157593,3917
117.8743743896,38.3254623413,516
117.8798675537,38.3240890503,3
117.8812408447,38.3240890503,1946
117.8812408447,38.3247756958,6
117.8675079346,38.3261489869,2356
117.8730010986,38.3261489869,366
117.8743743896,38.3261489869,7154
117.8730010986,38.3268356324,4
117.8743743896,38.3268356324,64
117.8771209716,38.3268356324,6
117.8757476806,38.3275222779,728
117.8771209716,38.3275222779,4373
117.8757476806,38.3282089234,3062
117.8771209716,38.3282089234,4
117.8784942627,38.3288955689,4590
117.8798675537,38.3288955689,204
117.8784942627,38.3295822144,4801
117.8798675537,38.3295822144,4
117.8990936279,38.3247756958,169
117.8990936279,38.3254623413,6621
117.8620147705,38.3440017701,1
117.8620147705,38.3446884156,2770
117.8633880615,38.3460617066,1261
117.8647613525,38.3460617066,310
117.8633880615,38.3467483521,11
117.8647613525,38.3467483521,569
117.8661346435,38.3467483521,1
117.8661346435,38.3474349976,4286
117.8675079346,38.3467483521,8
117.8661346435,38.3481216432,1438
117.8661346435,38.3488082887,1
117.8675079346,38.3481216432,270
117.8675079346,38.3488082887,404
117.8688812256,38.3488082887,20
117.8688812256,38.3494949342,3479
117.8688812256,38.3501815797,1
117.8702545166,38.3501815797,5
117.8702545166,38.3508682252,2281
117.905960083,38.3659744263,629
117.905960083,38.3666610718,2956
117.908706665,38.3673477173,1
117.910079956,38.3673477173,42
117.908706665,38.3680343628,12
117.910079956,38.3680343628,2325
117.997970581,38.3405685425,36
117.997970581,38.341255188,2
117.9993438721,38.341255188,1
117.5955963135,38.7587356568,242
117.5997161865,38.7587356568,421
117.5983428955,38.7594223023,4
117.5901031494,38.7601089478,364
117.5914764404,38.7601089478,330
117.5914764404,38.7607955933,1
117.7658843994,38.9317703248,2941
117.7658843994,38.9324569703,575
117.7686309815,38.9393234253,1932
117.7713775635,38.9393234253,107
117.7645111084,38.9461898804,698
117.7658843994,38.9455032349,3
117.7672576904,38.9455032349,243
117.7658843994,38.9461898804,423
117.7672576904,38.9461898804,149
117.7686309815,38.9448165894,8
117.7686309815,38.9455032349,2303
117.7452850341,38.9516830444,3
117.7507781982,38.9503097534,454
117.7480316162,38.9509963988,25
117.7466583252,38.9516830444,352
117.7480316162,38.9516830444,1826
117.7494049072,38.9509963988,1151
117.7507781982,38.9509963988,18
117.7370452881,38.9544296265,800
117.7384185791,38.953742981,800
117.7397918701,38.953742981,2572
117.732925415,38.9558029175,3
117.734298706,38.9558029175,450
117.731552124,38.956489563,1
117.731552124,38.9571762085,1038
117.732925415,38.956489563,2217
117.732925415,38.9571762085,271
117.7356719971,38.955116272,204
117.7356719971,38.9558029175,1700
117.7411651611,38.9530563355,1986
117.7425384521,38.9530563355,534
117.7439117431,38.95236969,593
117.7452850341,38.95236969,2445
117.7452850341,38.9530563355,2
117.7562713623,38.9482498169,3
117.7590179444,38.9475631714,347
117.7617645264,38.9468765259,184
117.7603912354,38.9475631714,747
117.7617645264,38.9475631714,3453
117.7576446534,38.9482498169,1983
117.7590179444,38.9482498169,3311
117.7576446534,38.9489364624,41
117.7603912354,38.9482498169,5
117.7521514893,38.9503097534,349
117.7631378174,38.9468765259,1558
117.7645111084,38.9468765259,1627
117.7631378174,38.9475631714,2
117.7603912354,38.9571762085,3
117.72605896,38.9599227906,98
117.727432251,38.9592361451,1
117.727432251,38.9599227906,241
117.72605896,38.9606094361,43
117.7590179444,38.9578628541,710
117.7590179444,38.9585494996,4
117.7603912354,38.9578628541,388
117.7397918701,38.9791488648,188
117.7452850341,38.9764022828,2
117.7452850341,38.9770889283,3470
117.7411651611,38.9784622193,1
117.7425384521,38.9784622193,4333
117.7411651611,38.9791488648,12764
117.7425384521,38.9791488648,14
117.7548980713,38.9736557007,184
117.7562713623,38.9736557007,266
117.7576446534,38.9722824097,83
117.7590179444,38.9722824097,17
117.7603912354,38.9715957642,8
117.7617645264,38.9715957642,152
117.7603912354,38.9722824097,509
117.7617645264,38.9722824097,3347
117.7576446534,38.9729690552,3105
117.7590179444,38.9729690552,361
117.7713775635,38.9695358277,136
117.7727508545,38.9695358277,1364
117.7686309815,38.9702224732,2122
117.7686309815,38.9709091187,1
117.7713775635,38.9702224732,53
117.7727508545,38.9702224732,66
117.7631378174,38.9715957642,1472
117.7631378174,38.9722824097,59
117.7658843994,38.9715957642,728
117.7672576904,38.9715957642,1592
117.7548980713,38.9743423463,1
117.7576446534,38.9764022828,2
117.7603912354,38.9764022828,1
117.7562713623,38.9777755738,2
117.7535247803,38.9791488648,21
117.7562713623,38.9784622193,1032
117.7562713623,38.9791488648,4611
117.7617645264,38.9770889283,1152
117.7617645264,38.9777755738,1157
117.7576446534,38.9784622193,6228
117.7576446534,38.9791488648,2779
117.7617645264,38.9784622193,245
117.7617645264,38.9791488648,122
117.7631378174,38.9764022828,2115
117.7645111084,38.9764022828,864
117.7658843994,38.9764022828,4
117.7631378174,38.9770889283,130
117.7658843994,38.9770889283,3567
117.7658843994,38.9777755738,4
117.7672576904,38.9784622193,23
117.7672576904,38.9791488648,1113
117.7700042725,38.9777755738,348
117.7713775635,38.9770889283,188
117.7727508545,38.9770889283,559
117.7713775635,38.9777755738,880
117.7727508545,38.9777755738,1
117.7686309815,38.9784622193,912
117.7686309815,38.9791488648,628
117.6848602295,38.997001648,2378
117.6876068115,38.9867019654,36
117.728805542,38.9805221558,2
117.728805542,38.9812088013,169
117.727432251,38.9818954468,307
117.728805542,38.9818954468,1
117.7219390869,38.9846420288,564
117.7233123779,38.9846420288,3525
117.724685669,38.9825820923,156
117.72605896,38.9825820923,1208
117.724685669,38.9832687378,37
117.72605896,38.9832687378,10
117.727432251,38.9825820923,2981
117.728805542,38.9825820923,5
117.727432251,38.9832687378,277
117.728805542,38.9832687378,1965
117.72605896,38.9839553833,19455
117.728805542,38.9839553833,79
117.727432251,38.9846420288,1
117.7205657959,38.9853286744,3980
117.7191925049,38.9860153199,16
117.7205657959,38.9860153199,9691
117.7219390869,38.9853286744,14196
117.7233123779,38.9853286744,17
117.7219390869,38.9860153199,9
117.7233123779,38.9860153199,5
117.7205657959,38.9867019654,1
117.727432251,38.9873886109,1
117.7191925049,38.9880752564,970
117.7219390869,38.9901351929,2333
117.7233123779,38.9901351929,1971
117.724685669,38.9894485474,218
117.724685669,38.9901351929,611
117.7027130127,38.9942550659,2205
117.7123260498,38.9921951294,22
117.7150726319,38.9921951294,247
117.7150726319,38.9928817749,103
117.7205657959,38.9908218384,9
117.7191925049,38.9915084839,361
117.7205657959,38.9915084839,612
117.7219390869,38.9908218384,2
117.7233123779,38.9908218384,1136
117.7191925049,38.9921951294,80
117.7191925049,38.9928817749,12
117.7205657959,38.9928817749,177
117.730178833,38.9805221558,344
117.731552124,38.9805221558,41
117.730178833,38.9812088013,21
117.731552124,38.9812088013,4
117.730178833,38.9818954468,2053
117.731552124,38.9818954468,154
117.7370452881,38.9798355103,82
117.7356719971,38.9805221558,188
117.7370452881,38.9805221558,2195
117.7384185791,38.9798355103,1
117.7397918701,38.9798355103,835
117.7356719971,38.9812088013,2236
117.730178833,38.9825820923,746
117.731552124,38.9825820923,982
117.730178833,38.9832687378,3418
117.731552124,38.9839553833,1
117.7397918701,38.9846420288,1955
117.7494049072,38.9812088013,2732
117.7494049072,38.9818954468,331
117.7452850341,38.9825820923,1
117.7452850341,38.9832687378,1
117.7411651611,38.9839553833,2565
117.7425384521,38.9839553833,11
117.7411651611,38.9846420288,86
117.7425384521,38.9846420288,4566
117.7466583252,38.9825820923,2088
117.7494049072,38.9832687378,1426
117.7466583252,38.9839553833,161
117.7466583252,38.9846420288,3518
117.7494049072,38.9839553833,1266
117.7507781982,38.9839553833,78
117.7507781982,38.9846420288,514
117.734298706,38.9860153199,1
117.731552124,38.9873886109,114
117.732925415,38.9867019654,224
117.734298706,38.9867019654,2224
117.732925415,38.9873886109,83
117.7370452881,38.9853286744,8
117.7370452881,38.9860153199,1645
117.7384185791,38.9853286744,2
117.7397918701,38.9853286744,1299
117.7356719971,38.9867019654,1361
117.730178833,38.9880752564,2324
117.731552124,38.9880752564,387
117.730178833,38.9887619019,14
117.7439117431,38.9860153199,366
117.7439117431,38.9867019654,2649
117.7452850341,38.9867019654,2
117.7439117431,38.9873886109,218
117.7452850341,38.9873886109,979
117.7466583252,38.9853286744,682
117.7480316162,38.9853286744,13
117.7466583252,38.9860153199,10
117.7480316162,38.9860153199,6
117.7507781982,38.9853286744,14
117.7466583252,38.9867019654,1241
117.7535247803,38.9798355103,956
117.7548980713,38.9798355103,6
117.7535247803,38.9812088013,176
117.7535247803,38.9818954468,545
117.7548980713,38.9812088013,821
117.7548980713,38.9818954468,73
117.7576446534,38.9798355103,2331
117.7576446534,38.9805221558,2
117.7617645264,38.9798355103,2165
117.7576446534,38.9818954468,386
117.7590179444,38.9818954468,12
117.7603912354,38.9818954468,722
117.7535247803,38.9825820923,494
117.7548980713,38.9825820923,546
117.7535247803,38.9839553833,69
117.7521514893,38.9846420288,268
117.7535247803,38.9846420288,1278
117.7548980713,38.9839553833,3
117.7548980713,38.9846420288,6
117.7576446534,38.9825820923,88
117.7590179444,38.9825820923,110
117.7603912354,38.9825820923,259
117.7521514893,38.9853286744,1432
117.7727508545,39.0066146851,2
117.7727508545,39.0073013307,4
117.7727508545,39.0086746217,595
117.7658843994,39.0210342408,31
117.7672576904,39.0210342408,1
117.7658843994,39.0217208863,597
117.7672576904,39.0217208863,1804
117.7631378174,39.0224075318,278
117.7645111084,39.0224075318,1957
117.7686309815,39.0210342408,1231
117.9347991944,38.8727188111,29
117.9347991944,38.8734054566,90
117.9361724854,38.8727188111,152
117.9361724854,38.8734054566,35
117.9334259034,38.8740921021,7
117.9347991944,38.8740921021,27
117.9334259034,38.8747787476,230
117.9347991944,38.8747787476,199
117.9361724854,38.8740921021,3
117.9334259034,38.8754653932,133
117.9347991944,38.8754653932,55
117.816696167,38.9173507691,1047
117.816696167,38.9180374146,811
117.818069458,38.9200973512,910
117.8716278076,38.9290237427,9582
118.0007171631,38.9214706422,19
118.0007171631,38.9221572877,97
117.7960968018,38.9365768433,2612
117.7974700928,38.9365768433,2102
117.7960968018,38.9372634888,596
117.8496551514,38.9509963988,8
117.8496551514,38.9516830444,3012
117.8496551514,38.95236969,33
117.7809906006,38.9681625367,1475
117.7837371826,38.9674758912,289
117.7823638916,38.9681625367,1382
117.7837371826,38.9681625367,1314
117.7892303466,38.9667892457,1421
117.7851104736,38.9674758912,5
117.7864837646,38.9674758912,98
117.7851104736,38.9681625367,5
117.7878570556,38.9674758912,4
117.7892303466,38.9674758912,1055
117.7919769287,38.9667892457,242
117.7933502197,38.9661026002,35
117.7947235107,38.9661026002,142
117.7933502197,38.9667892457,3418
117.7947235107,38.9667892457,1
117.7919769287,38.9674758912,1
117.7974700928,38.9654159547,342
117.7988433838,38.9654159547,345
117.8002166748,38.9654159547,565
117.8043365479,38.9640426637,5
117.8057098389,38.9640426637,48
117.8015899659,38.9647293092,698
117.8029632569,38.9647293092,698
117.8015899659,38.9654159547,1504
117.8029632569,38.9654159547,79
117.8043365479,38.9647293092,8
117.8057098389,38.9647293092,1940
117.7960968018,38.9661026002,95
117.7974700928,38.9661026002,1581
117.7988433838,38.9661026002,410
117.8084564209,38.9633560182,8
117.8084564209,38.9640426637,3208
117.7754974365,38.9688491822,53
117.7754974365,38.9695358277,2750
117.7782440185,38.9688491822,2185
117.7796173096,38.9688491822,1102
117.7796173096,38.9695358277,1
117.7851104736,38.9736557007,147
117.7864837646,38.9736557007,486
117.7768707275,38.9757156373,114
117.7782440185,38.9757156373,68
117.7768707275,38.9764022828,631
117.7809906006,38.9743423463,311
117.7796173096,38.9750289918,22
117.7809906006,38.9750289918,1072
117.7823638916,38.9743423463,718
117.7837371826,38.9743423463,279
117.7823638916,38.9750289918,140
117.7837371826,38.9750289918,5
117.7796173096,38.9757156373,293
117.7809906006,38.9757156373,1
117.7768707275,38.9770889283,1
117.7851104736,38.9743423463,14
117.7892303466,38.9777755738,360
117.7892303466,38.9784622193,1285
117.7878570556,38.9791488648,851
117.7892303466,38.9791488648,1
117.8015899659,38.9777755738,6
117.8029632569,38.9777755738,1713
117.8015899659,38.9784622193,3
117.8029632569,38.9784622193,118
117.812576294,38.9750289918,1
117.813949585,38.9750289918,15
117.815322876,38.9750289918,58
117.816696167,38.9750289918,930
117.812576294,38.9757156373,1079
117.813949585,38.9757156373,86
117.815322876,38.9757156373,739
117.816696167,38.9757156373,541
117.8702545166,38.9482498169,9
117.8702545166,38.9489364624,3483
117.7837371826,38.9812088013,129
117.7823638916,38.9818954468,49
117.7837371826,38.9818954468,1030
117.7809906006,38.9825820923,1
117.7809906006,38.9832687378,623
117.7823638916,38.9825820923,523
117.7837371826,38.9825820923,41
117.7823638916,38.9832687378,26
117.7796173096,38.9839553833,1
117.7809906006,38.9839553833,644
117.7851104736,38.9798355103,2
117.7864837646,38.9798355103,272
117.7851104736,38.9805221558,1206
117.7864837646,38.9805221558,111
117.7851104736,38.9812088013,1766
117.7796173096,38.9860153199,2234
117.7796173096,38.9867019654,1
117.7782440185,38.9880752564,1472
117.7782440185,38.9887619019,1073
117.7782440185,38.9901351929,24
117.7796173096,38.9880752564,1104
117.7796173096,38.9887619019,208
117.7906036377,38.9887619019,9
117.7906036377,38.9894485474,494
117.7906036377,38.9901351929,146
117.7768707275,38.9908218384,1
117.7782440185,38.9908218384,1164
117.7782440185,38.9915084839,295
117.7768707275,38.9928817749,40
117.7782440185,38.9928817749,35
117.7768707275,38.9935684204,288
117.7782440185,38.9935684204,23
117.7768707275,38.9942550659,961
117.7782440185,38.9942550659,3
117.7768707275,38.9949417113,500
117.7782440185,38.9949417113,2
117.7768707275,38.9956283569,4
117.7892303466,38.9915084839,315
117.7892303466,38.9921951294,19
117.7892303466,38.9928817749,238
117.7892303466,38.9935684204,186
117.7892303466,38.9942550659,51
117.7878570556,38.9956283569,221
117.7754974365,38.997001648,24
117.7768707275,38.9963150025,41
117.7768707275,38.997001648,724
117.7754974365,38.9976882935,23
117.7768707275,38.9976882935,732
117.7754974365,38.99974823,4
117.7754974365,39.0004348755,615
117.7754974365,39.001121521,205
117.7878570556,38.9963150025,843
117.7878570556,38.997001648,37
117.7864837646,38.998374939,9
117.7878570556,38.998374939,232
117.7864837646,38.9990615845,256
117.7864837646,38.99974823,223
117.7878570556,38.9990615845,546
117.7878570556,38.99974823,679
117.7864837646,39.0004348755,740
117.7864837646,39.001121521,56
117.7741241455,39.0018081666,2
117.7754974365,39.0018081666,723
117.7741241455,39.0024948121,69
117.7754974365,39.0024948121,1520
117.7741241455,39.0031814576,3
117.7754974365,39.0031814576,93
117.7741241455,39.0038681031,251
117.7741241455,39.0045547486,317
117.7741241455,39.0052413941,262
117.7741241455,39.0059280396,154
117.7741241455,39.0066146851,539
117.7864837646,39.0018081666,178
117.7851104736,39.0024948121,1
117.7864837646,39.0024948121,2
117.7864837646,39.0031814576,984
117.7851104736,39.0038681031,18
117.7864837646,39.0038681031,982
117.7851104736,39.0045547486,2
117.7864837646,39.0045547486,1
117.7851104736,39.0052413941,405
117.7851104736,39.0059280396,83
117.7741241455,39.0073013307,470
117.7741241455,39.0079879762,38
117.7782440185,39.0079879762,1
117.7851104736,39.0073013307,133
117.6189422607,39.0251541138,119
117.7672576904,39.0436935425,1
117.7727508545,39.0464401246,418
117.7686309815,39.0471267701,1
117.7700042725,39.0471267701,39
117.7686309815,39.0478134156,724
117.7700042725,39.0478134156,1144
117.7713775635,39.0471267701,561
117.7713775635,39.0478134156,32
117.7645111084,39.0491867066,1964
117.7672576904,39.0485000611,3277
117.7672576904,39.0491867066,13
117.7645111084,39.0498733521,863
117.7686309815,39.0485000611,484
117.7741241455,39.0464401246,4319
119.1790008545,37.2529220582,354
119.1899871826,37.2426223755,469
119.1899871826,37.2474288941,60
119.1899871826,37.2481155396,1409
119.1899871826,37.2488021851,2223
119.1913604736,37.2460556031,290
119.1913604736,37.2467422486,993
119.1913604736,37.2474288941,453
119.1913604736,37.2481155396,2
119.1899871826,37.2494888307,44
119.1886138916,37.2501754762,1
119.1803741455,37.2542953492,430
119.1817474365,37.2549819947,1619
119.1817474365,37.2556686402,4
119.1831207275,37.2549819947,31
118.876876831,37.2700881958,3
118.876876831,37.2707748413,411
118.8782501221,37.2707748413,107
118.876876831,37.2714614869,10
118.8782501221,37.2714614869,1008
118.9688873291,37.2748947144,49
118.9702606201,37.2748947144,8
118.9730072021,37.2735214234,1
118.9730072021,37.2742080689,478
118.9743804931,37.2742080689,1
118.9867401123,37.2762680054,1
118.9867401123,37.2769546509,455
118.9894866944,37.2776412964,170
118.9908599854,37.2776412964,73
119.9452972412,37.4135971069,734
119.9480438232,37.4135971069,449
119.9452972412,37.4142837525,20
119.9480438232,37.4170303345,72
119.9480438232,37.419090271,1985
119.9494171143,37.4135971069,511
119.9507904053,37.4135971069,198
119.9521636963,37.4135971069,233
119.9494171143,37.4142837525,1
119.9521636963,37.4142837525,308
119.9521636963,37.416343689,721
119.9521636963,37.4170303345,773
119.9480438232,37.4197769166,5
119.9466705322,37.4218368531,912
119.9466705322,37.4225234986,65
119.9507904053,37.4204635621,83
119.9494171143,37.4211502076,1
119.9507904053,37.4211502076,1205
119.9494171143,37.4218368531,1
119.9507904053,37.4218368531,1398
120.013961792,37.4424362183,8
120.015335083,37.4424362183,787
120.015335083,37.4431228638,1
120.1828765869,37.6731491089,10
120.1828765869,37.6738357544,9
120.1842498779,37.6738357544,102
120.2172088623,37.6765823363,290
120.2185821534,37.6758956909,64
120.2185821534,37.6765823363,214
120.2872467041,37.6449966432,177
120.2858734131,37.6463699342,708
120.2845001221,37.6470565797,567
120.2858734131,37.6470565797,1
120.283126831,37.6484298707,143
120.283126831,37.6491165162,56
120.28175354,37.6498031617,367
120.283126831,37.6498031617,306
120.2845001221,37.6484298707,16
120.3119659424,37.6415634156,795
120.3133392334,37.6415634156,2069
120.3147125244,37.6415634156,2222
120.3160858154,37.6415634156,1280
120.3174591065,37.6415634156,144
120.3147125244,37.6422500611,6
120.3160858154,37.6422500611,4
120.3037261963,37.6456832887,64
120.3037261963,37.6463699342,764
120.3023529053,37.6477432252,76
120.3023529053,37.6484298707,14
120.3037261963,37.6477432252,88
120.3037261963,37.6484298707,8
120.3023529053,37.6491165162,226
120.3023529053,37.6498031617,43
120.3037261963,37.6491165162,78
120.3023529053,37.6504898072,64
120.3023529053,37.6511764527,176
120.3023529053,37.6518630982,267
120.3023529053,37.6525497437,228
120.3023529053,37.6546096802,4860
120.3023529053,37.6552963257,148
120.3037261963,37.6546096802,3
120.3188323975,37.6511764527,1532
120.3202056885,37.6511764527,859
120.3215789795,37.6511764527,8
120.3202056885,37.6518630982,1
120.3215789795,37.6525497437,443
120.3188323975,37.6546096802,1267
120.3188323975,37.6552963257,1
120.3202056885,37.6546096802,953
120.3202056885,37.6552963257,2
120.3023529053,37.6573562623,6368
120.3009796143,37.6580429078,1
120.3023529053,37.6580429078,326
120.3092193604,37.6573562623,1
120.3092193604,37.6580429078,2
120.3023529053,37.6594161988,130
120.3009796143,37.6601028443,50
120.3023529053,37.6601028443,581
120.3009796143,37.6607894898,206
120.3119659424,37.6566696168,416
120.3119659424,37.6573562623,168
120.3133392334,37.6573562623,3
120.3133392334,37.6580429078,1450
120.3160858154,37.6573562623,1605
120.3160858154,37.6580429078,504
120.3174591065,37.6580429078,2
120.3133392334,37.6587295533,560
120.2611541748,37.6635360718,2642
120.2570343018,37.6683425904,140
120.2597808838,37.6717758179,1751
120.2584075928,37.6724624634,212
120.3050994873,37.6635360718,8
120.3092193604,37.6614761353,125
120.3092193604,37.6621627808,212
120.3064727784,37.6635360718,18
120.3064727784,37.6642227173,82
120.3064727784,37.6649093628,65
120.627822876,37.7830123902,1069
120.627822876,37.7836990357,5
120.6209564209,37.7871322632,3275
120.6374359131,37.7795791627,408
120.8406829834,37.8159713746,973
120.8393096924,37.8173446656,1833
120.8434295654,37.8187179566,1211
120.8365631104,37.8207778932,120
120.8406829834,37.8221511842,729
120.8406829834,37.8228378297,241
120.8434295654,37.8228378297,96
120.8448028565,37.8207778932,450
120.8448028565,37.8221511842,71
120.8118438721,37.8468704224,41
122.1700286865,36.847114563,9288
122.1700286865,36.8478012085,5469
122.1768951416,36.8478012085,1815
122.1768951416,36.8484878541,3
122.3760223389,36.8594741822,674
122.3760223389,36.8601608277,434
122.3801422119,36.8608474732,103
122.3815155029,36.8608474732,33
122.4240875244,36.89037323,42
122.4240875244,36.8910598755,6
122.4254608154,36.8938064576,171
122.4268341065,36.8924331666,145
122.4268341065,36.8931198121,3
122.4474334716,36.8718338013,478
122.4474334716,36.8725204468,9160
122.4460601806,36.8732070923,368
122.4419403076,36.8780136109,127
122.4364471435,36.8800735474,1
122.4364471435,36.8807601929,1868
122.4378204346,36.8793869019,591
122.4378204346,36.8800735474,1035
122.4391937256,36.8800735474,172
122.4446868896,36.8759536744,272
122.4433135986,36.8787002564,93
122.4433135986,36.8793869019,83
122.4433135986,36.8800735474,1083
122.4446868896,36.8800735474,38
122.4433135986,36.8807601929,3
122.4446868896,36.8807601929,943
122.4350738525,36.8814468384,424
122.4364471435,36.8814468384,860
122.4364471435,36.8821334839,1
122.4378204346,36.8821334839,559
122.4391937256,36.8821334839,57
122.4391937256,36.8828201294,1633
122.4391937256,36.8835067749,49
122.4364471435,36.8848800659,1
122.4391937256,36.8841934204,706
122.4391937256,36.8848800659,826
122.4446868896,36.8814468384,640
122.4391937256,36.887626648,450
122.4337005615,36.8910598755,7005
122.4350738525,36.8910598755,3
122.5737762451,37.2570419312,57
122.5737762451,37.2577285767,2
121.5808868409,37.4424362183,327
121.3735198975,37.5550460816,918
121.3762664795,37.5550460816,653
121.3735198975,37.5564193726,266
121.3748931885,37.5557327271,60
121.3748931885,37.5564193726,2
121.3748931885,37.5571060182,1247
121.3748931885,37.5577926637,162
121.3762664795,37.5577926637,1
121.3762664795,37.5584793092,105
121.3748931885,37.5625991822,53
121.3748931885,37.5632858277,7
121.3762664795,37.5632858277,9
121.3748931885,37.5639724732,205
121.3762664795,37.5639724732,32
121.3762664795,37.5674057007,2
121.3762664795,37.5680923463,771
121.3845062256,37.547492981,925
121.3858795166,37.548866272,401
121.3858795166,37.5495529175,402
121.3872528076,37.5495529175,34
121.3872528076,37.550239563,609
121.3872528076,37.5509262085,23
121.3886260986,37.5509262085,173
121.3776397705,37.5543594361,54
121.3817596435,37.5543594361,988
121.3831329346,37.5550460816,136
121.3831329346,37.5557327271,188
121.3845062256,37.5557327271,16
121.3845062256,37.5564193726,1
121.3886260986,37.5516128541,263
121.3886260986,37.5522994996,144
121.3899993896,37.5522994996,387
121.3899993896,37.5536727906,137
121.3913726806,37.5543594361,134
121.3776397705,37.5584793092,202
121.3790130615,37.5591659547,1233
121.3858795166,37.5571060182,2
121.3858795166,37.5577926637,1319
121.3858795166,37.5584793092,301
121.3872528076,37.5591659547,375
121.3803863525,37.5598526002,161
121.3790130615,37.5619125367,1
121.3886260986,37.5598526002,284
121.3790130615,37.5625991822,1544
121.3790130615,37.5632858277,2
121.3803863525,37.5625991822,9
121.3817596435,37.5632858277,482
121.3803863525,37.5674057007,7
121.3831329346,37.5674057007,96
121.3803863525,37.5680923463,792
121.3817596435,37.5680923463,268
121.3831329346,37.5680923463,391
121.4147186279,37.5639724732,60
121.3803863525,37.5770187378,293
121.3817596435,37.5770187378,214
121.3790130615,37.5783920288,559
121.3803863525,37.5777053833,132
121.3817596435,37.5777053833,6
121.3845062256,37.5770187378,1
121.3858795166,37.5770187378,70
121.3872528076,37.5770187378,27
121.3831329346,37.5777053833,78
121.3845062256,37.5777053833,15
121.3858795166,37.5777053833,562
121.3872528076,37.5777053833,170
121.3899993896,37.5770187378,6
121.3899993896,37.5777053833,246
121.3913726806,37.5777053833,140
121.3790130615,37.5790786744,933
121.3790130615,37.5797653199,529
121.3790130615,37.5804519654,369
121.3790130615,37.5811386109,126
121.3776397705,37.5818252564,1
121.3790130615,37.5818252564,428
121.3776397705,37.5825119019,10
121.3790130615,37.5825119019,109
121.3803863525,37.5831985474,347
121.3817596435,37.5831985474,54
121.3803863525,37.5838851929,1
121.3831329346,37.5831985474,366
121.3845062256,37.5831985474,95
121.3845062256,37.5838851929,4
121.3858795166,37.5831985474,60
121.3872528076,37.5831985474,52
121.3858795166,37.5838851929,2
121.3886260986,37.5831985474,315
121.3790130615,37.5886917113,167
121.3790130615,37.5893783569,9
121.3845062256,37.5880050659,1304
121.3845062256,37.5886917113,3635
121.3858795166,37.5886917113,2
121.3790130615,37.5900650025,650
121.3803863525,37.5900650025,1
121.3913726806,37.594871521,4863
121.3927459716,37.594871521,1
121.3954925537,37.594871521,231
121.3996124268,37.5928115845,1311
121.3996124268,37.59349823,649
121.3831329346,37.5955581666,310
121.3831329346,37.5962448121,277
121.3831329346,37.5969314576,768
121.3845062256,37.5969314576,86
121.3831329346,37.5976181031,14
121.3858795166,37.5976181031,2429
121.3858795166,37.5983047486,397
121.3831329346,37.5996780396,29
121.3845062256,37.5996780396,1530
121.3899993896,37.5955581666,3
121.3913726806,37.5955581666,997
121.3927459716,37.5955581666,1
121.3913726806,37.5962448121,2787
121.3886260986,37.5976181031,794
121.3899993896,37.5976181031,929
121.3913726806,37.5969314576,2
121.3913726806,37.5976181031,273
121.3954925537,37.5955581666,282
121.3886260986,37.5983047486,1
122.1810150146,37.4335098267,1049
122.1810150146,37.4341964722,779
122.1837615966,37.4341964722,3
122.1851348877,37.4341964722,143
122.2716522216,37.4410629273,974
122.2730255127,37.4410629273,4
122.2743988037,37.4410629273,3
122.1892547607,37.4506759644,63
122.1892547607,37.4513626099,477
122.1892547607,37.4520492554,50
122.1920013428,37.4451828003,650
122.1933746338,37.4451828003,1
122.1920013428,37.4458694458,489
122.1933746338,37.4465560913,11
122.1933746338,37.4472427369,35
122.1947479248,37.4472427369,114
122.1933746338,37.4479293824,878
122.1920013428,37.4486160279,1
122.1920013428,37.4493026734,34
122.1933746338,37.4486160279,144
122.1974945069,37.4493026734,76
122.1988677979,37.4493026734,212
122.1947479248,37.4513626099,442
122.1933746338,37.4520492554,344
122.1961212159,37.4499893189,576
122.1974945069,37.4499893189,411
122.1961212159,37.4506759644,4
122.2002410889,37.4506759644,428
122.1920013428,37.4527359009,117
122.1906280518,37.4534225464,116
122.1920013428,37.4534225464,521
122.1933746338,37.4527359009,183
122.1933746338,37.4534225464,19
122.2016143799,37.4534225464,22
122.2029876709,37.4534225464,1027
122.2016143799,37.4541091919,520
122.2029876709,37.4541091919,3
122.216720581,37.4575424194,134
122.2716522216,37.4417495728,1
122.2730255127,37.4417495728,1832
122.2743988037,37.4417495728,2
122.2730255127,37.4424362183,90
122.2743988037,37.4424362183,355
122.2730255127,37.4431228638,304
122.2730255127,37.4438095093,125
121.1414337159,37.6230239869,312
121.1386871338,37.6264572144,18
121.1386871338,37.6271438599,2336
121.06590271,37.7129745484,1
121.0631561279,37.7136611939,121
121.0617828369,37.7150344849,739
121.0617828369,37.7157211304,433
121.064529419,37.7136611939,27
121.06590271,37.7136611939,1336
121.067276001,37.7136611939,405
121.068649292,37.7136611939,218
121.0631561279,37.7170944214,165
121.0631561279,37.7177810669,722
121.0631561279,37.7184677124,1351
121.0631561279,37.7191543579,568
121.0631561279,37.7198410034,412
121.0631561279,37.7205276488,31
121.064529419,37.7198410034,8
121.06590271,37.7205276488,1
121.064529419,37.7212142944,147
121.070022583,37.7136611939,131
121.1125946045,37.7170944214,37
121.1139678955,37.7170944214,567
121.1153411865,37.7170944214,455
121.1167144775,37.7170944214,86
121.1222076416,37.7205276488,153
121.1208343506,37.7239608765,2
121.1222076416,37.723274231,3
121.1222076416,37.7239608765,2134
121.4971160889,37.6518630982,111
121.4957427979,37.6525497437,7
121.4971160889,37.6525497437,57
121.505355835,37.6635360718,102
121.506729126,37.6635360718,113
121.505355835,37.6642227173,2
121.505355835,37.6649093628,31
121.2691497803,37.8104782105,1
121.2705230713,37.809791565,65
121.2705230713,37.8104782105,16
122.5559234619,37.2748947144,223
122.5559234619,37.2755813599,1247
122.558670044,37.2748947144,464
122.558670044,37.2755813599,343
122.560043335,37.2755813599,22
122.558670044,37.2762680054,3
122.560043335,37.2762680054,1153
122.562789917,37.2783279419,1
122.564163208,37.2783279419,1
122.6396942139,37.41771698,511
122.6396942139,37.4184036255,1469
122.6355743409,37.4197769166,1635
122.6369476319,37.4197769166,22
122.6438140869,37.4218368531,1
118.9469146729,38.074836731,1
118.9482879639,38.074836731,43
118.9469146729,38.0755233765,1
118.9482879639,38.0755233765,2
118.9469146729,38.076210022,525
118.9469146729,38.0768966675,604
118.9455413819,38.077583313,313
118.955154419,38.0782699585,2393
118.9455413819,38.0789566041,1072
118.9469146729,38.0789566041,135
118.955154419,38.0789566041,1
118.95652771,38.0789566041,659
118.95652771,38.0796432496,549
118.957901001,38.0789566041,8
118.9537811279,38.0817031861,299
118.95652771,38.0817031861,7
118.955154419,38.0823898316,272
118.95652771,38.0823898316,831
118.95652771,38.0830764771,1191
118.9716339111,38.0995559693,41
118.9716339111,38.1002426148,325
118.9771270752,38.0995559693,20
118.9771270752,38.1002426148,1131
118.9785003662,38.1002426148,1574
118.9812469482,38.1002426148,35
118.9785003662,38.1009292603,238
118.9812469482,38.1009292603,2024
118.9812469482,38.1016159058,974
119.0114593506,38.1263351441,455
119.0128326416,38.1263351441,24
119.0361785889,38.1318283082,2383
119.0334320069,38.1332015992,4
119.0348052979,38.1325149537,3160
119.0361785889,38.1325149537,1105
119.0348052979,38.1332015992,3146
119.0361785889,38.1332015992,33
119.0334320069,38.1338882447,732
119.1254425049,38.1084823609,2
119.1254425049,38.1091690064,17
119.1268157959,38.1091690064,104
119.1254425049,38.1098556519,27
119.1254425049,38.1105422974,104
119.0622711181,38.1551742554,2702
119.0636444091,38.1551742554,198
119.0650177002,38.1551742554,628
119.0622711181,38.1558609009,1034
119.0636444091,38.1558609009,3363
119.0636444091,38.1565475464,441
119.0650177002,38.1558609009,7
119.1007232666,38.2313919068,3953
119.1007232666,38.2320785523,2761
119.1460418701,38.2300186158,3
119.1446685791,38.2307052613,3
119.1460418701,38.2307052613,1
119.1432952881,38.2313919068,1
119.1432952881,38.2320785523,2
119.1446685791,38.2313919068,5
119.1487884521,38.2293319703,3
119.1501617431,38.2293319703,2
119.1515350341,38.2293319703,2
119.1474151611,38.2300186158,3
119.1515350341,38.2300186158,3
119.1529083252,38.2300186158,3
119.1529083252,38.2307052613,1
119.1542816162,38.2307052613,5
119.1542816162,38.2313919068,7
119.1556549072,38.2313919068,1
119.1556549072,38.2320785523,5
119.1432952881,38.2327651978,5
119.1419219971,38.2334518433,1
119.1432952881,38.2334518433,3
119.1419219971,38.2341384888,7
119.1419219971,38.2348251343,7
119.1419219971,38.2355117798,10
119.1419219971,38.2361984253,10
119.1432952881,38.2361984253,1
119.1419219971,38.2368850708,1
119.1432952881,38.2368850708,8
119.1432952881,38.2375717163,31
119.1487884521,38.2334518433,2
119.1501617431,38.2334518433,5
119.1474151611,38.2341384888,1
119.1487884521,38.2341384888,1
119.1474151611,38.2348251343,3
119.1501617431,38.2341384888,11
119.1515350341,38.2341384888,18
119.1515350341,38.2348251343,34
119.1556549072,38.2327651978,56
119.1556549072,38.2334518433,10
119.1556549072,38.2341384888,3
119.1570281982,38.2341384888,4
119.1570281982,38.2348251343,5
119.1474151611,38.2355117798,21
119.1515350341,38.2355117798,3
119.1570281982,38.2355117798,6
119.1556549072,38.2361984253,1
119.1570281982,38.2361984253,2
119.1556549072,38.2368850708,3
119.1556549072,38.2375717163,1
119.1432952881,38.2382583619,14
119.1446685791,38.2389450074,1
119.1460418701,38.2403182984,3
119.1474151611,38.2403182984,6
119.1487884521,38.2403182984,13
119.1501617431,38.2403182984,6
119.1515350341,38.2403182984,1
119.1542816162,38.2389450074,2
119.1556549072,38.2382583619,1
119.1529083252,38.2396316529,1
119.1542816162,38.2396316529,1
119.1529083252,38.2403182984,1
119.1515350341,38.2478713988,6
119.1515350341,38.2485580444,54
119.1529083252,38.2471847534,40
119.1529083252,38.2478713988,25
119.1529083252,38.2485580444,63
118.431930542,38.4408187867,138
118.431930542,38.4415054322,157
119.5511627197,38.2231521607,1
119.5511627197,38.2238388062,1
119.5497894287,38.2245254517,3
119.5497894287,38.2252120972,7
119.5484161377,38.2258987427,9
119.5497894287,38.2258987427,6
119.5484161377,38.2265853882,4
119.5484161377,38.2272720338,19
119.5484161377,38.2279586793,8
119.5484161377,38.2286453248,3
119.5511627197,38.2307052613,15
119.5525360107,38.2307052613,1
119.5525360107,38.2313919068,16
119.5594024659,38.2245254517,11
119.5594024659,38.2252120972,9
119.5594024659,38.2258987427,12
119.5594024659,38.2265853882,3
119.5594024659,38.2272720338,2
119.5594024659,38.2279586793,4
119.5580291748,38.2300186158,3
119.5566558838,38.2307052613,1
119.5580291748,38.2307052613,1
119.5539093018,38.2313919068,22
119.5552825928,38.2313919068,8
119.5566558838,38.2313919068,4
119.6239471435,38.3117294312,6
119.6253204346,38.3110427857,6
119.6266937256,38.3110427857,7
119.6280670166,38.3110427857,4
119.6294403076,38.3110427857,14
119.6225738525,38.3124160767,2
119.6239471435,38.3124160767,1
119.6225738525,38.3131027222,3
119.6225738525,38.3137893677,2
119.6225738525,38.3144760132,2
119.6266937256,38.3144760132,105
119.6280670166,38.3144760132,243
119.6308135986,38.3110427857,2
119.6308135986,38.3117294312,23
119.6308135986,38.3124160767,8
119.6321868896,38.3124160767,16
119.6321868896,38.3131027222,41
119.6321868896,38.3137893677,34
119.6321868896,38.3144760132,10
119.6335601806,38.3144760132,15
119.6212005615,38.3151626588,4
119.6225738525,38.3158493043,2
119.6225738525,38.3165359498,17
119.6225738525,38.3172225953,22
119.6266937256,38.3151626588,918
119.6266937256,38.3158493043,1138
119.6280670166,38.3151626588,1151
119.6280670166,38.3158493043,964
119.6225738525,38.3179092408,16
119.6239471435,38.3179092408,2
119.6239471435,38.3185958863,21
119.6239471435,38.3192825318,1
119.6253204346,38.3192825318,23
119.6266937256,38.3192825318,10
119.6280670166,38.3192825318,4
119.6294403076,38.3192825318,5
119.6321868896,38.3158493043,6
119.6335601806,38.3151626588,30
119.6335601806,38.3158493043,11
119.6321868896,38.3165359498,9
119.6321868896,38.3172225953,7
119.6308135986,38.3179092408,1
119.6321868896,38.3179092408,7
119.6308135986,38.3185958863,5
119.6308135986,38.3192825318,1
120.0812530518,38.1922531128,2594
120.0812530518,38.1929397583,9
120.0661468506,38.3563613892,9
120.0675201416,38.3563613892,16
120.0675201416,38.3570480347,23
120.0688934326,38.3570480347,4
120.0675201416,38.3577346802,1
120.0688934326,38.3577346802,10
120.0675201416,38.3584213257,9
120.0661468506,38.3591079713,15
120.0675201416,38.3591079713,1
120.100479126,38.3776473999,1
120.100479126,38.3783340454,6607
120.101852417,38.3783340454,77
120.100479126,38.3790206909,1
120.1375579834,38.3769607544,56
120.1375579834,38.3776473999,8
120.1389312744,38.3769607544,18
120.1389312744,38.3776473999,69
120.1389312744,38.3783340454,43
120.1389312744,38.3790206909,8
120.0771331787,38.3872604371,1
120.0798797607,38.3865737916,2
120.0785064697,38.3872604371,3
120.0798797607,38.3872604371,2
120.0757598877,38.3879470826,2
120.0771331787,38.3879470826,2
120.0743865966,38.3893203736,2
120.0743865966,38.3900070191,6
120.0743865966,38.3906936646,10
120.0743865966,38.3913803101,9
120.0757598877,38.3893203736,1
120.0730133056,38.3920669557,9
120.0730133056,38.3927536012,2
120.0730133056,38.3934402467,5
120.0730133056,38.3941268922,1
120.0743865966,38.3941268922,9
120.0743865966,38.3948135377,28
120.0743865966,38.3955001832,21
120.0743865966,38.3961868287,36
120.0757598877,38.3961868287,7
120.0757598877,38.3968734742,52
120.0812530518,38.3865737916,3
120.0826263428,38.3872604371,1
120.0839996338,38.3872604371,5
120.0853729248,38.3872604371,1
120.0853729248,38.3879470826,7
120.0867462159,38.3879470826,3
120.0867462159,38.3886337281,11
120.0867462159,38.3893203736,22
120.0881195069,38.3906936646,5
120.0881195069,38.3913803101,10
120.0894927979,38.3913803101,3
120.0881195069,38.3920669557,1
120.0881195069,38.3927536012,2
120.0894927979,38.3920669557,39
120.0894927979,38.3927536012,25
120.0881195069,38.3941268922,5
120.0894927979,38.3934402467,4
120.0894927979,38.3941268922,2
120.0881195069,38.3948135377,4
120.0881195069,38.3955001832,15
120.0881195069,38.3961868287,9
120.0867462159,38.3968734742,10
120.0757598877,38.3975601197,15
120.0771331787,38.3975601197,15
120.0771331787,38.3982467652,7
120.0785064697,38.3982467652,10
120.0785064697,38.3989334107,12
120.0798797607,38.3989334107,28
120.0853729248,38.3975601197,10
120.0839996338,38.3982467652,8
120.0853729248,38.3982467652,14
120.0812530518,38.3989334107,36
120.0826263428,38.3989334107,28
120.0839996338,38.3989334107,8
120.0867462159,38.3975601197,12
120.1320648194,38.3906936646,1317
120.1320648194,38.3913803101,133
120.1485443115,38.3673477173,4
120.1471710205,38.3680343628,3
120.1485443115,38.3680343628,19
120.1499176025,38.3673477173,25
120.1499176025,38.3680343628,7
120.1512908935,38.3680343628,47
120.1471710205,38.3687210083,8
120.1485443115,38.3687210083,6
120.1471710205,38.3694076538,7
120.1485443115,38.3694076538,23
120.1499176025,38.3687210083,20
120.1512908935,38.3687210083,36
120.1499176025,38.3694076538,16
120.1512908935,38.3694076538,4
120.1485443115,38.3700942994,2
120.1499176025,38.3700942994,8
118.1998443604,38.8019943238,3
118.2012176514,38.8019943238,7
118.1984710694,38.8033676148,8
118.1998443604,38.8026809693,14
118.1998443604,38.8033676148,13
118.2012176514,38.8033676148,5
118.2025909424,38.8019943238,7
118.2039642334,38.8019943238,5
118.2039642334,38.8026809693,44
118.2025909424,38.8033676148,6
118.2039642334,38.8033676148,51
118.1984710694,38.8040542603,16
118.695602417,38.7587356568,1
118.695602417,38.7594223023,7
118.69972229,38.7566757203,3
118.701095581,38.7566757203,1
118.7024688721,38.7566757203,2
118.7038421631,38.7566757203,1
118.696975708,38.7573623658,1
118.698348999,38.7573623658,2
118.696975708,38.7580490113,3
118.696975708,38.7587356568,1
118.7024688721,38.7573623658,1
118.7038421631,38.7573623658,20
118.7052154541,38.7573623658,2
118.7052154541,38.7580490113,4
118.7065887451,38.7580490113,3
118.7065887451,38.7587356568,18
118.7065887451,38.7594223023,10
118.7079620361,38.7594223023,5
118.695602417,38.7601089478,16
118.694229126,38.7607955933,2
118.694229126,38.7621688843,14
118.694229126,38.7628555298,22
118.694229126,38.7635421753,15
118.695602417,38.7635421753,4
118.694229126,38.7642288208,5
118.695602417,38.7642288208,18
118.695602417,38.7649154663,17
118.695602417,38.7656021119,3
118.7065887451,38.7642288208,38
118.7065887451,38.7649154663,57
118.7079620361,38.7601089478,6
118.7079620361,38.7607955933,15
118.7079620361,38.7614822388,21
118.7079620361,38.7621688843,5
118.7079620361,38.7628555298,5
118.7079620361,38.7635421753,15
118.7079620361,38.7642288208,34
118.7079620361,38.7649154663,5
118.696975708,38.7656021119,2
118.696975708,38.7662887574,4
118.701095581,38.7669754029,1
118.69972229,38.7676620484,1
118.701095581,38.7676620484,2
118.7052154541,38.7656021119,3
118.7065887451,38.7656021119,49
118.7052154541,38.7662887574,9
118.7065887451,38.7662887574,2
118.7024688721,38.7669754029,2
118.7038421631,38.7669754029,8
118.7024688721,38.7676620484,1
118.7052154541,38.7669754029,1
118.3550262451,38.8850784302,1
118.3536529541,38.8857650757,15
118.3550262451,38.8857650757,11
118.3563995361,38.8850784302,1
118.3563995361,38.8857650757,74
118.3577728271,38.8857650757,2
118.3536529541,38.8864517213,51
118.3550262451,38.8864517213,11
118.3550262451,38.8871383668,5
118.3563995361,38.8864517213,5
118.3577728271,38.8864517213,9
118.3563995361,38.8871383668,2
118.3577728271,38.8871383668,19
118.4415435791,38.9386367798,201
118.4429168701,38.9386367798,76
118.4415435791,38.9393234253,109
118.4607696534,38.9461898804,2909
118.4621429444,38.9461898804,22
118.4580230713,38.9475631714,2179
118.4552764893,38.9489364624,977
118.4566497803,38.9489364624,1
118.4580230713,38.9482498169,13
118.4607696534,38.9468765259,11
118.4552764893,38.9496231079,1
118.4552764893,38.95236969,748
118.4552764893,38.955116272,144
118.4552764893,38.9558029175,2067
118.4552764893,38.9578628541,207
118.4552764893,38.9585494996,418
118.4552764893,38.9606094361,879
118.4552764893,38.9640426637,148
118.4552764893,38.9647293092,149
118.4552764893,38.9674758912,701
118.4552764893,38.9709091187,1096
118.4552764893,38.9715957642,447
118.4552764893,38.9729690552,483
118.4552764893,38.9736557007,1116
118.4690093994,38.9729690552,3114
118.4690093994,38.9736557007,504
118.4552764893,38.9757156373,712
118.4635162354,38.9757156373,1
118.4690093994,38.9743423463,11
118.4690093994,38.9750289918,887
118.4676361084,38.9757156373,5
118.4690093994,38.9757156373,3428
118.4690093994,38.9764022828,21
118.4690093994,38.9770889283,742
118.4690093994,38.9777755738,2252
118.4676361084,38.9784622193,11
118.4676361084,38.9791488648,10
118.4690093994,38.9784622193,1279
118.4690093994,38.9791488648,797
118.4030914306,38.9956283569,469
118.4044647216,38.9956283569,2
118.4030914306,38.9963150025,1808
118.4044647216,38.9963150025,32
118.4030914306,38.997001648,36
118.4030914306,38.9976882935,426
118.4044647216,38.9976882935,1
118.4030914306,38.998374939,345
118.4030914306,38.9990615845,319
118.4044647216,38.9990615845,2
118.4030914306,38.99974823,406
118.4168243409,38.99974823,875
118.4168243409,39.0004348755,3301
118.4181976319,39.0004348755,1
118.4168243409,39.001121521,265
118.4676361084,38.9798355103,4
118.4676361084,38.9805221558,1
118.4690093994,38.9798355103,3699
118.4690093994,38.9805221558,761
118.4690093994,38.9818954468,1416
118.4690093994,38.9832687378,125
118.4690093994,38.9839553833,1202
118.4690093994,38.9860153199,338
118.4552764893,38.9928817749,94
118.4552764893,38.9935684204,2906
118.4552764893,38.9942550659,29
118.4552764893,38.9963150025,10
118.4552764893,38.997001648,1438
118.4552764893,38.99974823,40
118.4552764893,39.0004348755,959
118.4168243409,39.0018081666,3
118.4168243409,39.0024948121,2162
118.4168243409,39.0031814576,190
118.4168243409,39.0038681031,74
118.4168243409,39.0059280396,807
118.4964752197,38.913230896,1
118.4923553466,38.9146041871,8
118.4896087646,38.9159774781,45
118.4909820556,38.9152908326,64
118.4923553466,38.9152908326,2344
118.4909820556,38.9159774781,553
118.4923553466,38.9159774781,488
118.4937286377,38.9139175416,1
118.4951019287,38.9139175416,4
118.4937286377,38.9146041871,14
118.4951019287,38.9146041871,1789
118.4964752197,38.9139175416,17
118.4978485107,38.9139175416,430
118.4964752197,38.9146041871,1074
118.4978485107,38.9146041871,32
118.4937286377,38.9152908326,1037
118.4882354736,38.9166641236,3
118.4896087646,38.9166641236,1287
118.5019683838,38.9139175416,1455
118.5033416748,38.9139175416,64
118.5019683838,38.9146041871,107
118.5047149659,38.9139175416,3532
118.5060882569,38.9139175416,4
118.5047149659,38.9146041871,91
118.5060882569,38.9146041871,1
118.5074615479,38.9139175416,572
118.5088348389,38.9139175416,41
118.5074615479,38.9146041871,51
118.5102081299,38.9139175416,1081
118.5115814209,38.9139175416,2131
118.5102081299,38.9146041871,3
118.5115814209,38.9146041871,46
118.5143280029,38.9139175416,303
118.5143280029,38.9146041871,7
118.52394104,38.9146041871,34
118.52394104,38.9152908326,2173
118.4813690185,38.9372634888,779
118.4813690185,38.9379501343,10
118.4841156006,38.9386367798,1144
118.4841156006,38.9393234253,1496
118.4868621826,38.9475631714,43
118.4868621826,38.9482498169,821
118.4868621826,38.9496231079,421
118.4854888916,38.9509963988,534
118.4854888916,38.9516830444,1345
118.4882354736,38.9468765259,891
118.4882354736,38.9475631714,2
118.4882354736,38.9482498169,6
118.7477874756,39.0121078492,90
118.7491607666,39.0121078492,2
118.7491607666,39.0127944947,78
119.3328094482,38.9516830444,49
119.3328094482,38.95236969,289
118.519821167,39.0450668335,36
118.52394104,39.044380188,4
118.525314331,39.044380188,1
118.52394104,39.0450668335,1634
118.525314331,39.0450668335,11
118.519821167,39.0457534791,335
118.4896087646,39.0828323363,1083
118.4896087646,39.0835189819,12
118.4992218018,39.0965652467,165
118.4992218018,39.0972518922,645
118.5005950928,39.0972518922,5
118.4992218018,39.0979385377,3
119.0196990966,39.0272140503,11
119.0196990966,39.0279006958,2
119.0210723877,39.0265274048,39
119.0210723877,39.0272140503,51
119.0210723877,39.0279006958,25
119.0210723877,39.0285873413,80
119.0224456787,39.0285873413,25
119.0210723877,39.0292739869,8
119.0224456787,39.0292739869,19
119.0032196045,39.1988754273,236
119.1474151611,39.1700363159,13
119.1474151611,39.1707229613,8
119.1487884521,39.1707229613,44
119.1474151611,39.1714096069,9
119.1487884521,39.1714096069,5
119.1501617431,39.1707229613,44
119.1996002197,39.1068649293,6
119.2009735107,39.1068649293,8
119.1982269287,39.1082382203,47
119.1996002197,39.1075515748,29
119.1996002197,39.1082382203,7
119.1982269287,39.1089248658,35
119.1968536377,39.1096115113,6
119.1982269287,39.1096115113,30
119.1968536377,39.1102981568,27
119.1968536377,39.1109848023,13
119.2023468018,39.1061782838,3
119.2037200928,39.1061782838,3
119.2050933838,39.1061782838,3
119.2064666748,39.1061782838,1
119.2064666748,39.1068649293,1
119.2078399659,39.1068649293,4
119.2078399659,39.1075515748,1
119.2092132569,39.1075515748,3
119.2092132569,39.1082382203,2
119.2105865479,39.1089248658,3
119.2105865479,39.1096115113,2
119.2105865479,39.1102981568,2
119.2105865479,39.1109848023,10
119.1968536377,39.1116714478,24
119.1968536377,39.1123580933,14
119.1968536377,39.1130447388,16
119.1968536377,39.1137313843,4
119.1982269287,39.1137313843,6
119.1982269287,39.1144180298,4
119.1982269287,39.1151046753,4
119.1996002197,39.1151046753,1
119.1996002197,39.1157913208,2
119.1996002197,39.1164779663,1
119.2009735107,39.1164779663,12
119.2023468018,39.1116714478,11
119.2023468018,39.1123580933,22
119.2105865479,39.1116714478,12
119.2119598389,39.1116714478,2
119.2105865479,39.1123580933,10
119.2105865479,39.1130447388,10
119.2105865479,39.1137313843,5
119.2064666748,39.1164779663,16
119.2092132569,39.1151046753,44
119.2105865479,39.1144180298,19
119.2105865479,39.1151046753,16
119.2078399659,39.1157913208,43
119.2092132569,39.1157913208,52
119.2078399659,39.1164779663,96
119.2023468018,39.1171646119,6
119.2037200928,39.1171646119,4
119.2050933838,39.1171646119,9
119.2064666748,39.1171646119,14
118.9812469482,39.2057418824,1
119.0032196045,39.1995620728,1336
119.0032196045,39.2002487183,84
118.9936065674,39.2023086548,206
118.9949798584,39.2023086548,1
118.9936065674,39.2029953003,440
118.9949798584,39.2029953003,553
118.9963531494,39.2029953003,56
118.9977264404,39.2029953003,3
118.9949798584,39.2036819458,1
118.9963531494,39.2036819458,980
118.9977264404,39.2036819458,709
118.9826202393,39.2057418824,844
118.9839935303,39.2057418824,16
118.9853668213,39.2057418824,2
118.9839935303,39.2064285279,2398
118.9839935303,39.2071151734,12
118.9853668213,39.2064285279,1496
118.9867401123,39.2064285279,21
118.9853668213,39.2071151734,213
118.9867401123,39.2071151734,1756
118.9881134034,39.2071151734,1364
118.9894866944,39.2071151734,4
118.9881134034,39.2078018189,766
118.9894866944,39.2078018189,2378
118.9908599854,39.2078018189,102
118.9908599854,39.2084884644,4057
118.9922332764,39.2084884644,84
118.9936065674,39.2084884644,8
118.9936065674,39.2091751099,5969
118.9949798584,39.2091751099,1
118.9949798584,39.2098617554,528
119.0004730225,39.2091751099,3
119.0004730225,39.2098617554,1416
118.9936065674,39.2112350464,40
118.9949798584,39.2112350464,4
118.9936065674,39.2119216919,188
118.9949798584,39.2119216919,1
118.9949798584,39.2126083374,4947
118.9990997315,39.2112350464,3232
119.0004730225,39.2112350464,1539
118.9990997315,39.2119216919,906
119.0004730225,39.2119216919,2
118.9949798584,39.2132949829,1
118.9949798584,39.2153549194,361
118.9963531494,39.2153549194,93
118.9977264404,39.2153549194,9
118.9990997315,39.2132949829,371
119.0004730225,39.2132949829,1
118.9990997315,39.2139816284,186
118.9990997315,39.2146682738,133
118.9990997315,39.2153549194,280
118.9949798584,39.216041565,298
118.9963531494,39.216041565,2597
118.9977264404,39.216041565,862
118.9990997315,39.216041565,5
119.0128326416,39.2002487183,1
119.0128326416,39.2009353638,504
119.0142059326,39.2009353638,1
119.0128326416,39.2016220093,2682
119.0142059326,39.2016220093,1757
119.0073394775,39.2036819458,1
119.0087127685,39.2036819458,1334
119.0073394775,39.2043685913,1262
119.0100860596,39.2023086548,35
119.0114593506,39.2023086548,404
119.0100860596,39.2029953003,1138
119.0155792236,39.2029953003,154
119.0155792236,39.2036819458,2036
119.0169525146,39.2036819458,34
119.0073394775,39.2057418824,1383
119.0087127685,39.2064285279,381
119.0087127685,39.2071151734,430
119.0045928955,39.2078018189,532
119.0045928955,39.2084884644,3
119.0059661865,39.2084884644,10
119.0045928955,39.2091751099,57
119.0059661865,39.2091751099,1599
119.0059661865,39.2098617554,2084
119.0073394775,39.2098617554,1
119.0087127685,39.2098617554,5
119.0100860596,39.2084884644,1576
119.0100860596,39.2098617554,3
119.0169525146,39.2050552369,423
119.0169525146,39.2057418824,2
119.0183258056,39.2050552369,796
119.0183258056,39.2057418824,894
119.0196990966,39.2078018189,206
119.0224456787,39.2091751099,2
119.0224456787,39.2098617554,2649
119.0238189697,39.2098617554,11
119.0059661865,39.2105484009,310
119.0073394775,39.2105484009,3
119.0087127685,39.2105484009,2497
119.0100860596,39.2105484009,1093
119.0224456787,39.2105484009,71
119.0238189697,39.2105484009,1
119.0251922607,39.2112350464,4
119.0251922607,39.2119216919,6
119.0265655518,39.2112350464,7
119.0265655518,39.2119216919,3747
119.0265655518,39.2126083374,14
119.0293121338,39.2132949829,3
119.0293121338,39.2139816284,1020
119.0306854248,39.2139816284,1
119.0320587159,39.2153549194,808
119.0334320069,39.2153549194,1
119.0348052979,39.216041565,2
119.0361785889,39.216041565,1
119.0348052979,39.2167282105,2143
119.0348052979,39.217414856,4
119.0760040284,39.2380142213,1
119.0760040284,39.2387008668,4099
119.0773773194,39.2387008668,10
119.0760040284,39.2393875123,18
119.0773773194,39.2393875123,1
119.0801239014,39.2400741578,9
119.0801239014,39.2407608033,1947
119.0828704834,39.2421340943,1
119.0828704834,39.2428207398,51
119.0842437744,39.2421340943,4
119.0842437744,39.2428207398,5058
119.0842437744,39.2435073853,74
121.1331939697,38.8088607788,1155
121.1235809326,38.8102340699,93
121.1235809326,38.8109207154,528
121.1167144775,38.8122940064,2513
121.1167144775,38.8129806519,34
121.1208343506,38.8129806519,3077
121.1222076416,38.8129806519,5
121.1208343506,38.8143539429,9
121.1331939697,38.8095474244,44
121.1345672607,38.8116073609,1
121.1359405518,38.8088607788,53
121.1373138428,38.8088607788,141
121.1373138428,38.8095474244,248
121.1359405518,38.8102340699,1
121.1373138428,38.8102340699,4155
121.1373138428,38.8109207154,2791
121.1359405518,38.8116073609,5
121.1373138428,38.8116073609,882
121.1386871338,38.8109207154,3
121.1386871338,38.8116073609,176
121.1359405518,38.8122940064,382
121.1373138428,38.8122940064,205
121.1359405518,38.8129806519,904
121.1373138428,38.8129806519,32
121.1359405518,38.8136672974,215
121.1373138428,38.8136672974,1815
121.1359405518,38.8143539429,305
121.1208343506,38.8150405884,36
121.1304473877,38.8150405884,3603
121.1318206787,38.8150405884,2
121.1304473877,38.8157272339,441
121.1318206787,38.8157272339,2
121.1318206787,38.8171005249,1136
121.1359405518,38.8150405884,6358
121.6138458252,38.9393234253,4
121.6138458252,38.9400100708,1764
121.6138458252,38.9406967163,2
121.6536712646,38.9303970338,1
121.6550445556,38.9303970338,272
121.6550445556,38.9310836793,1703
121.6564178466,38.9310836793,1372
121.6564178466,38.9317703248,37
121.6550445556,38.9324569703,2
121.6577911377,38.9310836793,8
121.6591644287,38.9310836793,1
121.6577911377,38.9317703248,2694
121.6591644287,38.9317703248,319
121.6591644287,38.9324569703,2022
121.6605377197,38.9324569703,4648
121.6536712646,38.9338302613,216
121.6550445556,38.9331436158,1061
121.6564178466,38.9352035523,3
121.6605377197,38.9331436158,165
121.6564178466,38.9358901978,346
121.6948699951,38.9379501343,10
121.6948699951,38.9386367798,22
121.6948699951,38.9393234253,805
121.6948699951,38.9400100708,1008
121.6962432861,38.9379501343,205
121.6962432861,38.9386367798,55
121.6962432861,38.9393234253,40
121.6962432861,38.9400100708,40
121.6426849365,38.9585494996,1350
121.6426849365,38.9592361451,1
121.6468048096,38.9633560182,3778
121.6468048096,38.9640426637,1
121.6495513916,38.9654159547,103
121.6536712646,38.9661026002,1
121.6550445556,38.9661026002,3512
121.6550445556,38.9667892457,3769
121.6522979736,38.9681625367,245
121.6536712646,38.9681625367,39
121.6605377197,38.9674758912,2793
121.6605377197,38.9681625367,453
121.6577911377,38.9695358277,2
121.6591644287,38.9702224732,863
121.7580413819,38.9770889283,47
121.7580413819,38.9777755738,5
121.8047332764,38.9784622193,403
121.8102264404,38.9764022828,1196
121.8102264404,38.9770889283,196
121.8061065674,38.9784622193,102
121.8074798584,38.9784622193,1996
121.8074798584,38.9791488648,350
121.8088531494,38.9784622193,60
121.6564178466,38.997001648,601
121.6564178466,38.9976882935,62
121.6564178466,38.998374939,2
121.6564178466,38.9990615845,1
121.6550445556,38.99974823,1152
121.6921234131,39.001121521,9930
121.683883667,39.0059280396,2
121.6728973389,39.0107345582,481
121.681137085,39.0100479127,700
121.681137085,39.0107345582,894
121.682510376,39.0100479127,204
121.683883667,39.0100479127,1
121.682510376,39.0107345582,3
121.683883667,39.0107345582,2
121.683883667,39.0114212037,521
121.683883667,39.0127944947,1
121.683883667,39.0134811402,4
121.683883667,39.0155410767,1
121.685256958,39.0038681031,1
121.68800354,39.0038681031,10
121.685256958,39.0052413941,3
121.68800354,39.0045547486,7
121.68800354,39.0052413941,723
121.689376831,39.0052413941,5481
121.685256958,39.0059280396,5
121.686630249,39.0059280396,8
121.686630249,39.0066146851,5
121.68800354,39.0059280396,3110
121.689376831,39.0059280396,1501
121.68800354,39.0066146851,1022
121.689376831,39.0066146851,1
121.6907501221,39.0052413941,651
121.6907501221,39.0059280396,6
121.6907501221,39.0066146851,643
121.685256958,39.0073013307,2
121.686630249,39.0073013307,2507
121.686630249,39.0079879762,2
121.685256958,39.0093612672,1
121.685256958,39.0100479127,8
121.685256958,39.0107345582,6
121.686630249,39.0107345582,1
121.689376831,39.0100479127,1
121.689376831,39.0107345582,4177
121.685256958,39.0114212037,3783
121.686630249,39.0114212037,1304
121.686630249,39.0121078492,307
121.68800354,39.0114212037,1
121.689376831,39.0114212037,2060
121.689376831,39.0121078492,11
121.6907501221,39.0121078492,1
121.6989898681,39.0100479127,2
121.6989898681,39.0107345582,39
121.6989898681,39.0114212037,2326
121.7003631591,39.0114212037,1
121.7017364502,39.0121078492,2418
121.685256958,39.0134811402,1
121.68800354,39.0134811402,904
121.685256958,39.0141677857,1770
121.685256958,39.0148544312,3
121.685256958,39.0155410767,1093
121.6934967041,39.0155410767,1
121.6934967041,39.0162277222,2
121.6934967041,39.0169143677,1481
121.7003631591,39.0127944947,1327
121.7003631591,39.0134811402,4
121.6976165771,39.0148544312,130
121.7003631591,39.0148544312,570
121.7017364502,39.0134811402,1
121.7017364502,39.0141677857,3072
121.7031097412,39.0148544312,136
121.6962432861,39.0155410767,2337
121.6976165771,39.0155410767,2539
121.6976165771,39.0162277222,5492
121.7003631591,39.0155410767,380
121.7003631591,39.0162277222,1523
121.6976165771,39.0169143677,71
121.7017364502,39.0162277222,527
121.7017364502,39.0169143677,609
121.7978668213,38.9798355103,1489
121.8006134034,38.9812088013,2047
121.8006134034,38.9818954468,145
121.8047332764,38.9818954468,475
121.8047332764,38.9825820923,120
121.8061065674,38.9798355103,2
121.8074798584,38.9798355103,3
121.8061065674,38.9805221558,460
121.8074798584,38.9805221558,96
121.7498016357,39.0107345582,265
121.7498016357,39.0114212037,1817
121.7498016357,39.0121078492,960
121.7511749268,39.0086746217,1415
121.7525482178,39.0086746217,215
121.7511749268,39.0093612672,31
121.7525482178,39.0093612672,1
121.7539215088,39.0086746217,173
121.7539215088,39.0093612672,708
121.7511749268,39.0100479127,599
121.7498016357,39.0134811402,107
121.7470550537,39.0141677857,245
121.7470550537,39.0148544312,1122
121.7484283447,39.0148544312,1320
121.7498016357,39.0148544312,2039
121.7470550537,39.0155410767,416
121.7456817627,39.0162277222,1604
121.7470550537,39.0162277222,629
121.7456817627,39.0169143677,2
121.7470550537,39.0176010132,1708
121.7484283447,39.0176010132,5
121.7470550537,39.0182876588,493
121.7511749268,39.0134811402,46
121.7511749268,39.0141677857,405
121.855545044,38.9420700074,514
121.856918335,38.9434432984,971
121.858291626,38.9434432984,44
121.8527984619,38.9448165894,1213
121.8541717529,38.9448165894,3472
121.8527984619,38.9455032349,450
121.8541717529,38.9455032349,1
121.855545044,38.9441299439,1162
121.856918335,38.9441299439,571
121.855545044,38.9448165894,189
121.8459320069,38.9475631714,736
121.8459320069,38.9482498169,795
121.862411499,38.9413833619,1828
121.862411499,38.9420700074,1
121.86378479,38.9420700074,774
121.86378479,38.9427566529,1
121.8733978271,38.9482498169,4
121.8733978271,38.9489364624,805
121.8747711181,38.9482498169,1
121.8747711181,38.9489364624,16
121.8761444091,38.9496231079,1
121.8775177002,38.9496231079,12
121.8775177002,38.9503097534,2008
121.8788909912,38.9509963988,7
121.8788909912,38.9516830444,161
121.8802642822,38.9509963988,8
121.8802642822,38.9516830444,929
121.8788909912,38.95236969,6
121.8857574463,38.9558029175,435
121.9036102295,38.9612960816,1
121.9008636475,38.9709091187,989
121.9022369385,38.9709091187,1
121.8953704834,38.9722824097,27
121.8953704834,38.9729690552,764
121.8953704834,38.9736557007,159
121.9008636475,38.9715957642,7
121.8939971924,38.9743423463,19
121.8953704834,38.9743423463,1077
121.8939971924,38.9750289918,2
121.8939971924,38.9757156373,156
121.8953704834,38.9757156373,2
121.8994903565,38.9764022828,828
121.9036102295,38.9764022828,5
121.8981170654,38.9770889283,2230
121.8981170654,38.9777755738,61
121.8994903565,38.9770889283,68
121.8994903565,38.9777755738,35
121.9008636475,38.9777755738,3
121.9022369385,38.9770889283,3
121.9036102295,38.9770889283,3591
121.9022369385,38.9777755738,4637
121.9022369385,38.9784622193,2
121.9049835205,38.9612960816,1171
121.9049835205,38.9619827271,27
121.9091033935,38.9647293092,1169
121.9091033935,38.9654159547,2
121.9104766846,38.9640426637,1
121.9104766846,38.9647293092,257
121.9049835205,38.9770889283,51
121.9049835205,38.9777755738,1
121.8953704834,38.9798355103,550
121.8939971924,38.9825820923,248
121.8939971924,38.9832687378,17
121.8981170654,38.9832687378,4
121.8967437744,38.9839553833,267
121.8981170654,38.9839553833,2290
121.8816375732,39.001121521,2
121.8871307373,38.998374939,37
121.8898773194,38.997001648,309
121.8912506104,38.9963150025,145
121.8926239014,38.9963150025,261
121.8912506104,38.997001648,1337
121.8926239014,38.997001648,3
121.8885040284,38.9976882935,59
121.8898773194,38.9976882935,1410
121.8885040284,38.998374939,2339
121.8898773194,38.998374939,14
121.8912506104,38.9976882935,4
121.8843841553,38.99974823,19
121.8857574463,38.9990615845,4
121.8871307373,38.9990615845,1348
121.8857574463,38.99974823,2115
121.8871307373,38.99974823,109
121.8830108643,39.0004348755,22
121.8843841553,39.0004348755,987
121.8830108643,39.001121521,1151
121.8843841553,39.001121521,785
121.8857574463,39.0004348755,266
121.8871307373,39.0004348755,1
121.8857574463,39.001121521,1
121.8885040284,38.9990615845,69
121.8939971924,38.9963150025,27
121.8939971924,38.997001648,55
121.8939971924,38.9976882935,55
121.8953704834,38.9976882935,293
121.8939971924,38.998374939,1
121.8967437744,38.9990615845,855
121.8967437744,38.99974823,1
121.8967437744,39.0004348755,1
121.8994903565,39.0004348755,546
121.8994903565,39.001121521,26
121.859664917,39.0162277222,2
121.859664917,39.0169143677,933
121.858291626,39.0176010132,418
121.859664917,39.0176010132,165
121.856918335,39.0182876588,5
121.856918335,39.0189743043,201
121.858291626,39.0182876588,36
121.859664917,39.0182876588,3
121.858291626,39.0189743043,144
121.855545044,39.0196609498,5
121.856918335,39.0196609498,866
121.855545044,39.0203475953,2467
121.856918335,39.0203475953,37
121.855545044,39.0210342408,103
121.8706512451,39.0031814576,307
121.8720245361,39.0024948121,559
121.8733978271,39.0024948121,69
121.8720245361,39.0031814576,468
121.8733978271,39.0031814576,1
121.8720245361,39.0038681031,1
121.8802642822,39.0018081666,2
121.8816375732,39.0018081666,401
121.8802642822,39.0024948121,2052
121.8816375732,39.0024948121,733
121.8788909912,39.0031814576,186
121.8788909912,39.0038681031,1
121.8802642822,39.0031814576,229
121.8720245361,39.0059280396,176
121.8720245361,39.0066146851,1166
121.8733978271,39.0066146851,4
121.8665313721,39.0121078492,1
121.8679046631,39.0121078492,701
121.8692779541,39.0114212037,137
121.8692779541,39.0121078492,9
121.8720245361,39.0073013307,3
121.8733978271,39.0073013307,1
121.8720245361,39.0093612672,45
121.8733978271,39.0093612672,10
121.8720245361,39.0100479127,1394
121.8733978271,39.0100479127,17
121.8720245361,39.0107345582,4
121.8830108643,39.0018081666,430
121.8665313721,39.0127944947,960
121.8679046631,39.0127944947,619
121.8665313721,39.0134811402,9
122.0725250244,38.8994979859,46
122.0711517334,38.9001846314,9
122.0711517334,38.9008712769,4
122.0725250244,38.9001846314,20
122.0725250244,38.9008712769,9
122.0725250244,38.9015579224,6
122.0725250244,38.9022445679,3
122.0738983154,38.9022445679,13
122.0752716065,38.9022445679,15
122.0738983154,38.9029312134,8
122.0752716065,38.9029312134,13
121.7388153076,39.0258407593,1937
121.7388153076,39.0265274048,172
121.7374420166,39.0272140503,179
121.7388153076,39.0272140503,1
121.7374420166,39.0279006958,272
121.7374420166,39.0285873413,731
121.7401885986,39.0251541138,10
121.7401885986,39.0258407593,47
121.7360687256,39.0292739869,715
121.7374420166,39.0292739869,2
121.8418121338,39.0299606324,543
121.8431854248,39.0299606324,1
121.8418121338,39.0306472779,2133
121.8431854248,39.0306472779,59
121.8418121338,39.0313339234,27
121.8431854248,39.0313339234,221
121.8431854248,39.0320205689,26
121.8431854248,39.0327072144,2503
121.8431854248,39.0333938599,1015
122.5724029541,39.2654800416,10
122.5737762451,39.2654800416,943
123.9141082764,38.5685348512,154
119.6157073975,39.8395156861,10
119.6157073975,39.8402023316,11
119.6184539795,39.8395156861,5
119.6170806885,39.8402023316,28
119.6184539795,39.8402023316,23
119.6198272705,39.8388290406,4
119.6198272705,39.8395156861,1
119.5827484131,39.9013137818,308
119.5827484131,39.9020004273,96
119.7777557373,39.8147964478,26
119.7763824463,39.8154830933,3
119.7777557373,39.8154830933,59
119.7763824463,39.8161697388,17
119.5813751221,39.9033737183,2
119.5827484131,39.9033737183,105
119.5813751221,39.9040603638,56
119.5827484131,39.9040603638,888
119.5827484131,39.9047470093,12
119.5827484131,39.9054336548,1645
119.5813751221,39.9074935913,324
119.5827484131,39.9074935913,2
119.5868682861,39.9068069458,293
119.5882415771,39.9068069458,303
119.5868682861,39.9074935913,1118
119.5882415771,39.9074935913,205
119.5909881591,39.9074935913,2598
119.5951080322,39.9061203003,371
119.5951080322,39.9068069458,512
119.5964813232,39.9074935913,294
119.5813751221,39.9081802369,2636
119.5813751221,39.9088668824,31
119.5827484131,39.9088668824,1
119.5841217041,39.9088668824,1
119.5813751221,39.9095535279,1204
119.5827484131,39.9095535279,1
119.5813751221,39.9102401734,111
119.5827484131,39.9102401734,1097
119.5841217041,39.9095535279,1
119.5841217041,39.9102401734,3269
119.5868682861,39.9081802369,123
119.5868682861,39.9088668824,1703
119.5882415771,39.9088668824,3
119.5909881591,39.9088668824,479
119.5909881591,39.9102401734,609
119.5978546143,39.9074935913,463
119.5978546143,39.9081802369,25
119.6170806885,39.9246597291,296
119.6569061279,39.9184799194,79
119.6445465088,39.9198532105,1
119.6445465088,39.920539856,309
119.6459197998,39.920539856,1103
119.6431732178,39.9225997925,1324
119.6445465088,39.9225997925,159
119.6569061279,39.919166565,540
119.6541595459,39.9225997925,419
119.6555328369,39.921913147,567
119.6555328369,39.923286438,495
119.6761322021,39.9143600464,2505
119.6775054931,39.9136734009,670
119.6775054931,39.9143600464,699
119.6761322021,39.9171066284,2620
119.6775054931,39.9164199829,408
119.6775054931,39.9171066284,5
119.6761322021,39.9177932738,9
119.6692657471,39.9239730835,2165
119.6761322021,39.9198532105,2864
119.6775054931,39.9198532105,48
119.6761322021,39.921913147,554
119.6761322021,39.9225997925,1569
119.6775054931,39.9225997925,8
119.6459197998,39.9260330201,246
119.6472930909,39.9260330201,180
119.6486663819,39.9274063111,386
119.6500396729,39.9274063111,106
119.6555328369,39.9260330201,573
119.667892456,39.9246597291,36
119.6692657471,39.9246597291,1724
119.6692657471,39.9253463746,111
119.6706390381,39.9267196656,224
119.665145874,39.9287796021,971
119.665145874,39.9294662476,1061
119.666519165,39.9287796021,2249
119.666519165,39.9294662476,1165
119.6706390381,39.9274063111,661
119.6720123291,39.9287796021,660
119.6733856201,39.9287796021,466
119.6720123291,39.9294662476,13
119.6733856201,39.9294662476,15
119.6761322021,39.9246597291,1983
119.6761322021,39.9253463746,592
119.6761322021,39.9267196656,99
119.6761322021,39.9274063111,2119
119.666519165,39.9301528932,143
119.667892456,39.9308395387,3118
119.6692657471,39.9308395387,35
119.6706390381,39.9328994752,1591
119.6706390381,39.9335861207,1
119.6720123291,39.9328994752,49
119.6720123291,39.9335861207,73
119.6953582764,39.9315261842,408
119.6967315674,39.9315261842,418
119.6981048584,39.9315261842,34
119.6981048584,39.9322128297,52
119.6981048584,39.9335861207,3
119.6994781494,39.9328994752,938
119.6994781494,39.9335861207,2
119.6981048584,39.9342727662,121
119.8230743409,39.9686050416,381
119.8244476319,39.9686050416,236
119.8258209229,39.9740982057,416
119.8258209229,39.9747848512,5
119.8271942139,39.9747848512,436
119.8258209229,39.9754714967,63
119.8299407959,39.9754714967,327
119.8285675049,39.9761581422,9
119.8299407959,39.9761581422,2242
119.8285675049,39.9768447877,1919
119.834060669,39.9775314332,1149
119.83543396,39.9775314332,131
119.834060669,39.9782180787,565
119.83543396,39.9782180787,177
119.8271942139,39.9830245972,3
119.8271942139,39.9837112427,1
119.8326873779,39.9816513062,80
119.834060669,39.9816513062,48
119.8285675049,39.9830245972,258
119.8326873779,39.9823379517,7
119.8285675049,39.9837112427,594
119.8285675049,39.9843978882,3448
119.834060669,39.9823379517,364
119.8285675049,39.9850845338,5
119.8326873779,39.9857711793,1688
119.8313140869,39.9864578248,339
119.8326873779,39.9864578248,583
119.8313140869,39.9871444703,481
119.834060669,39.9857711793,1
120.0469207764,40.0667953492,6069
120.0469207764,40.0674819947,54
120.0455474854,40.0750350953,5248
120.0455474854,40.0757217408,1
120.0482940674,40.0764083863,615
120.0482940674,40.0770950318,34
120.1197052002,40.0750350953,1563
120.1197052002,40.0757217408,1
120.629196167,39.7818374634,30
120.629196167,39.7825241089,29
120.629196167,39.7832107544,1
120.629196167,39.7838973999,68
120.630569458,39.7838973999,2
120.8269500732,39.9088668824,58
120.8269500732,39.9095535279,9
120.8242034912,39.9116134644,28
120.8242034912,39.9123001099,13
120.8283233643,39.9088668824,1
120.8296966553,39.9088668824,13
120.8283233643,39.9095535279,36
120.8296966553,39.9095535279,10
120.8283233643,39.9102401734,22
120.8296966553,39.9102401734,77
120.8310699463,39.9095535279,78
120.8310699463,39.9102401734,15
120.8296966553,39.9109268189,50
120.8296966553,39.9116134644,21
120.8310699463,39.9109268189,14
120.8310699463,39.9116134644,5
120.8283233643,39.9123001099,62
120.8283233643,39.9129867554,26
120.8269500732,39.9143600464,1
120.8283233643,39.9136734009,38
120.8296966553,39.9136734009,5
120.8283233643,39.9143600464,126
120.8296966553,39.9143600464,22
120.8283233643,39.9150466919,5
120.8296966553,39.9150466919,31
120.8296966553,39.9157333374,84
120.8310699463,39.9150466919,24
120.8310699463,39.9157333374,56
121.2718963623,39.5009994507,508
121.2718963623,39.5023727418,251
121.2718963623,39.5030593873,389
121.2718963623,39.5058059693,35
121.2718963623,39.5071792603,71
121.2718963623,39.5078659058,362
121.4023590088,39.5037460328,2
121.4023590088,39.5044326783,1763
121.3996124268,39.5064926148,2
121.4009857178,39.5064926148,872
121.337814331,39.5106124878,68
121.3391876221,39.5106124878,31
121.4009857178,39.5071792603,2
121.4009857178,39.5078659058,556
121.4009857178,39.5085525513,14
121.1798858643,39.5511245728,34
121.1812591553,39.5511245728,1
121.1798858643,39.5518112183,26
121.1812591553,39.5518112183,32
121.1798858643,39.5524978638,28
121.1812591553,39.5524978638,4
121.1798858643,39.5531845093,9
121.1798858643,39.5538711548,5
121.1812591553,39.5538711548,1
121.1798858643,39.5545578003,7
121.1812591553,39.5545578003,7
121.1798858643,39.5552444458,8
121.1812591553,39.5552444458,50
121.1798858643,39.5559310913,7
121.1812591553,39.5559310913,88
121.2636566162,39.5751571656,6
121.2650299072,39.5751571656,5772
121.2609100341,39.5765304566,3065
121.2581634521,39.5779037476,1496
121.2595367431,39.5772171021,5136
121.2609100341,39.5772171021,1325
121.2595367431,39.5779037476,1948
121.2622833252,39.5758438111,1587
121.2636566162,39.5758438111,6
121.2622833252,39.5765304566,2644
121.2650299072,39.5758438111,365
121.2622833252,39.5772171021,1
121.2664031982,39.5772171021,1
121.2664031982,39.5779037476,775
121.2581634521,39.5785903932,2
121.2664031982,39.5785903932,440
121.2664031982,39.5792770387,1
121.2664031982,39.5799636842,1
121.2650299072,39.5813369752,1
121.2677764893,39.5737838746,1672
121.2677764893,39.5744705201,349
121.2677764893,39.5765304566,2
121.2677764893,39.5772171021,1053
121.2677764893,39.5779037476,2339
121.2677764893,39.5785903932,1799
121.2691497803,39.5785903932,1
121.2746429444,39.5964431763,61
121.2760162354,39.5964431763,25
121.7498016357,39.3849563599,80
121.7498016357,39.3856430054,1
122.9624176025,39.5998764038,797
122.9637908935,39.5998764038,1
122.9624176025,39.6005630494,125
122.9637908935,39.6005630494,1
123.1533050537,39.4268417359,1
123.1546783447,39.4268417359,10
123.1560516357,39.4268417359,2
123.1533050537,39.4275283814,11
123.1533050537,39.4282150269,10
123.1560516357,39.4275283814,12
123.1546783447,39.4282150269,33
123.1560516357,39.4282150269,5
123.1546783447,39.4289016724,6
123.2109832764,39.6561813355,2000
123.2109832764,39.656867981,1
120.9738922119,40.1972579957,1
120.9738922119,40.1979446412,2460
121.9612884521,40.2006912232,4
121.9612884521,40.2013778687,779
121.9640350341,40.2006912232,28
121.9626617431,40.2013778687,2100
121.9640350341,40.2013778687,2732
121.9654083252,40.2006912232,44
121.9654083252,40.2013778687,1303
121.951675415,40.2103042603,3136
121.953048706,40.2103042603,470
121.951675415,40.2109909058,666
121.953048706,40.2109909058,18
121.951675415,40.2116775513,1
122.0835113525,40.2466964722,577
122.0848846435,40.2466964722,448
122.0835113525,40.2473831177,1008
122.0848846435,40.2473831177,17
122.0862579346,40.2466964722,1653
122.0876312256,40.2466964722,53
122.0890045166,40.2466964722,190
122.0903778076,40.2466964722,357
122.0862579346,40.2473831177,947
122.0876312256,40.2473831177,274
122.0862579346,40.2480697632,1
122.0890045166,40.2473831177,1283
122.0903778076,40.2473831177,1776
122.0917510986,40.2466964722,676
122.0931243896,40.2466964722,67
122.0944976806,40.2466964722,1
122.0958709716,40.2466964722,21
122.0917510986,40.2473831177,1956
122.0931243896,40.2473831177,243
122.0944976806,40.2473831177,982
122.0958709716,40.2473831177,566
122.0944976806,40.2480697632,308
122.0821380615,40.2487564088,740
122.0944976806,40.2487564088,1155
122.0944976806,40.2494430543,801
122.0944976806,40.2501296998,73
122.0944976806,40.2508163453,261
122.0944976806,40.2515029908,1467
122.0944976806,40.2521896363,222
122.0944976806,40.2535629273,2659
121.9008636475,40.3421401978,64
121.8994903565,40.3428268433,52
121.9008636475,40.3428268433,32
121.9022369385,40.3421401978,2
121.9022369385,40.3428268433,11
121.8994903565,40.3435134888,2
121.9008636475,40.3435134888,7
121.9008636475,40.3442001343,8
121.9022369385,40.3435134888,107
121.9022369385,40.3442001343,11
122.0944976806,40.2542495728,5
122.0944976806,40.2556228638,2762
122.0944976806,40.2563095093,11
122.0931243896,40.2576828003,1
122.0944976806,40.2569961548,167
122.0944976806,40.2576828003,3284
122.0944976806,40.2583694458,57
122.0944976806,40.2590560913,1156
122.0944976806,40.2597427369,401
122.0944976806,40.2604293824,1
122.0944976806,40.2611160279,561
122.0944976806,40.2618026734,841
122.0931243896,40.2631759644,1
122.0944976806,40.2624893189,99
122.0944976806,40.2631759644,1434
122.0944976806,40.2638626099,175
122.0944976806,40.2645492554,139
122.0931243896,40.2652359009,3
122.0944976806,40.2652359009,299
122.0944976806,40.2659225464,305
122.0944976806,40.2666091919,7
122.0944976806,40.2672958374,33
122.0944976806,40.2679824829,459
122.0944976806,40.2700424194,1902
122.0944976806,40.270729065,224
122.0944976806,40.2714157105,325
122.0944976806,40.272102356,611
122.0944976806,40.2727890015,423
122.0944976806,40.273475647,1421
122.0944976806,40.274848938,166
122.0944976806,40.2755355835,603
122.0944976806,40.2762222291,691
122.0944976806,40.2769088746,104
122.0931243896,40.2782821656,2
122.0944976806,40.2775955201,7
122.0944976806,40.2782821656,1058
122.0944976806,40.2789688111,1
122.0944976806,40.2803421021,4
122.0944976806,40.2810287476,1148
122.0862579346,40.2865219117,1
122.0903778076,40.2865219117,1163
122.0931243896,40.2824020387,1202
122.0958709716,40.2817153932,650
122.0931243896,40.2830886842,2
122.0917510986,40.2844619752,239
122.0958709716,40.2858352662,1179
122.0903778076,40.2872085572,9
122.0890045166,40.2885818482,314
122.0890045166,40.2892684937,928
122.0903778076,40.2892684937,434
122.0807647705,40.2913284302,57
122.0821380615,40.2913284302,1
122.0807647705,40.2920150757,1796
122.0821380615,40.2920150757,2
122.0903778076,40.2899551392,2
122.0917510986,40.2872085572,893
122.0931243896,40.2872085572,7
122.0917510986,40.2878952027,281
122.0931243896,40.2878952027,342
122.0958709716,40.2878952027,16
122.0944976806,40.2885818482,466
122.0958709716,40.2885818482,319
122.0944976806,40.2892684937,5
122.0917510986,40.2899551392,286
122.0931243896,40.2899551392,2
122.0917510986,40.2906417847,1977
122.0931243896,40.2906417847,535
122.0807647705,40.2927017213,2
122.0848846435,40.2933883668,2480
122.0848846435,40.2940750123,8
122.0848846435,40.2947616578,3
122.0862579346,40.2933883668,13
122.0862579346,40.2940750123,313
122.0876312256,40.2940750123,339
122.0876312256,40.2947616578,2
122.0862579346,40.2968215943,180
122.0862579346,40.2975082398,35
122.0931243896,40.2933883668,74
122.0738983154,40.2995681763,415
122.0780181885,40.2988815308,1671
122.0780181885,40.2995681763,26
122.0793914795,40.2995681763,1089
122.0793914795,40.3002548218,461
122.0793914795,40.3016281128,623
122.0793914795,40.3064346314,629
122.0793914795,40.3071212769,12
122.0780181885,40.3078079224,2
122.0780181885,40.3084945679,985
122.0766448975,40.3091812134,2607
122.0766448975,40.3098678589,425
122.0752716065,40.3119277954,39
122.0752716065,40.3126144409,242
122.0752716065,40.3133010863,319
122.0807647705,40.3002548218,1321
122.0821380615,40.3009414673,289
122.0835113525,40.3016281128,765
122.0807647705,40.3036880494,1159
122.0807647705,40.3043746949,914
122.1302032471,40.3297805787,2
122.1302032471,40.3304672242,714
122.1315765381,40.3304672242,309
122.1315765381,40.3311538697,6
122.1329498291,40.3318405152,202
122.1343231201,40.3325271607,507
122.1356964111,40.3332138062,545
120.9615325928,40.7019424439,203
120.9615325928,40.7026290894,492
120.9670257569,40.7053756714,657
120.9683990479,40.7046890259,195
120.9670257569,40.7060623169,301
120.9931182861,40.7122421265,280
120.9944915771,40.7122421265,8
120.9697723389,40.7472610474,18
120.9683990479,40.7479476929,1
120.9697723389,40.7479476929,3317
120.9711456299,40.7465744019,185
120.9711456299,40.7472610474,2
120.9711456299,40.7479476929,4
120.9697723389,40.7486343384,3328
120.9697723389,40.7493209839,844
120.9697723389,40.7500076294,1
121.4627838135,40.6634902954,1
121.4627838135,40.6641769409,91
121.4641571045,40.6641769409,15
121.9915008545,40.7383346558,1298
121.9915008545,40.7390213013,1826
121.9928741455,40.6785964967,1
121.9928741455,40.6792831422,30
121.9942474365,40.6792831422,459
121.9942474365,40.6799697877,2
121.9969940185,40.6827163697,44
121.9969940185,40.6834030152,599
121.9983673096,40.6840896607,833
121.9983673096,40.6847763062,132
121.9983673096,40.6854629517,723
121.9997406006,40.6854629517,346
121.9983673096,40.6861495972,5
121.9997406006,40.6861495972,537
121.9997406006,40.6868362427,1722
121.9928741455,40.6882095338,772
121.9928741455,40.6888961793,290
121.9928741455,40.6895828248,434
121.9942474365,40.6902694703,12
122.0011138916,40.6882095338,1351
122.0011138916,40.6888961793,1
122.0024871826,40.6888961793,174
121.9997406006,40.6902694703,4
122.0024871826,40.6895828248,217
122.0024871826,40.6902694703,456
121.9942474365,40.6909561158,2015
121.9969940185,40.6923294068,1
121.9969940185,40.6930160523,1401
121.9997406006,40.6909561158,13
121.9997406006,40.6916427613,294
122.2592926025,40.6868362427,149
122.2592926025,40.6875228882,120
122.2606658935,40.6875228882,68
122.2634124756,40.6888961793,160
121.9928741455,40.7369613648,1
121.9928741455,40.7376480103,1
121.9942474365,40.7376480103,253
121.9928741455,40.7383346558,737
121.9942474365,40.7383346558,391
121.9928741455,40.7390213013,264
122.2702789306,40.6991958619,148
122.2702789306,40.6998825074,488
121.0535430909,40.7912063599,1474
121.0549163819,40.7912063599,698
121.0535430909,40.7918930054,1
121.0439300537,40.8001327515,2
121.0453033447,40.8001327515,439
121.0439300537,40.8015060425,28
121.0439300537,40.802192688,960
121.0425567627,40.8028793335,1
121.0439300537,40.8028793335,3
121.067276001,40.7973861694,2089
121.068649292,40.7973861694,31
121.0576629639,40.8028793335,420
121.0590362549,40.8001327515,223
121.0604095459,40.8001327515,194
121.068649292,40.798072815,109
121.0590362549,40.800819397,46
121.0604095459,40.800819397,10
121.0590362549,40.8015060425,326
121.072769165,40.7946395874,799
121.070022583,40.798072815,2
121.071395874,40.798072815,355
121.071395874,40.7987594605,1122
121.072769165,40.7987594605,109
121.0768890381,40.7987594605,340
121.0411834716,40.8049392701,49
121.0425567627,40.8035659791,88
121.0425567627,40.8049392701,281
121.0562896729,40.8042526246,1
121.0576629639,40.8042526246,16
121.0562896729,40.8049392701,2004
121.0576629639,40.8049392701,1406
121.0562896729,40.8056259156,13
121.0576629639,40.8056259156,1
121.0549163819,40.8069992066,402
121.0549163819,40.8076858521,367
121.0562896729,40.8076858521,1
121.064529419,40.8035659791,77
121.064529419,40.8042526246,1442
121.06590271,40.8042526246,778
121.06590271,40.8049392701,5520
121.064529419,40.8056259156,1
121.06590271,40.8056259156,1159
121.067276001,40.8049392701,3
121.0631561279,40.8083724976,832
121.064529419,40.8063125611,21
121.06590271,40.8063125611,197
121.064529419,40.8069992066,3306
121.064529419,40.8076858521,146
121.064529419,40.8083724976,5
121.0562896729,40.8090591432,3000
121.0562896729,40.8097457887,2
121.0590362549,40.8097457887,755
121.0604095459,40.8097457887,3
121.0617828369,40.8090591432,3
121.0631561279,40.8090591432,4957
121.0617828369,40.8097457887,1
121.0631561279,40.8097457887,940
121.0590362549,40.8104324342,3355
121.0604095459,40.8104324342,11
121.0617828369,40.8104324342,51
124.144821167,39.744758606,33
124.144821167,39.7454452515,4312
124.144821167,39.746131897,1
124.146194458,39.744758606,1
124.146194458,39.7454452515,12
124.146194458,39.746131897,1
124.143447876,39.7990036012,5
124.144821167,39.7990036012,192
124.143447876,39.7996902467,723
124.144821167,39.7996902467,764
124.143447876,39.8003768922,866
124.150314331,39.8106765748,366
124.150314331,39.8113632203,17
124.1516876221,39.8106765748,4
124.1516876221,39.8113632203,1
124.147567749,39.8127365113,8
124.14894104,39.8120498658,125
124.150314331,39.8120498658,1
124.14894104,39.8127365113,7
124.150314331,39.8127365113,2
124.147567749,39.8134231568,721
124.147567749,39.8141098023,289
124.14894104,39.8134231568,124
124.14894104,39.8141098023,7
124.147567749,39.8147964478,4
124.1530609131,39.8175430298,981
124.1571807861,39.8182296753,604
124.1585540771,39.8209762574,1
124.1571807861,39.8216629029,308
124.1585540771,39.8216629029,16
124.1585540771,39.8250961304,2170
124.1585540771,39.8305892944,12
124.1599273681,39.8305892944,619
124.1585540771,39.83127594,1
124.1585540771,39.8319625855,1
124.1599273681,39.83127594,452
124.1599273681,39.8319625855,116
124.1599273681,39.8333358765,168
124.1599273681,39.834022522,1
124.1599273681,39.835395813,97
124.1599273681,39.8367691041,5
124.1613006591,39.8367691041,375
124.1599273681,39.8374557496,1
124.1613006591,39.8374557496,1053
124.1613006591,39.8381423951,4
124.1626739502,39.8422622682,320
124.1640472412,39.8422622682,6
124.1626739502,39.8429489137,430
124.1640472412,39.8429489137,469
124.1626739502,39.8436355592,1
124.1640472412,39.8436355592,155
