120.7321929931,36.3286972047
120.7335662841,36.3286972047
120.7335662841,36.330757141199996
117.84828186040001,38.2684707642
117.84828186040001,38.2691574097
117.8757476806,38.3172225953
117.8771209716,38.3172225953
117.8771209716,38.3192825318
117.88124084469999,38.3179092408
117.88124084469999,38.3185958863
117.8345489502,38.3261489869
117.8345489502,38.3268356324
117.83592224120001,38.3268356324
117.83592224120001,38.3275222779
117.83729553219999,38.3282089234
117.83729553219999,38.3288955689
117.8386688232,38.3288955689
117.8578948975,38.3419418335
117.85926818850001,38.3426284791
117.85926818850001,38.343315124600004
117.8606414795,38.3440017701
117.8716278076,38.3220291138
117.8716278076,38.3240890503
117.86750793459998,38.3254623413
117.8716278076,38.3247756958
117.8757476806,38.3206558228
117.8784942627,38.3206558228
117.8784942627,38.321342468299996
117.8784942627,38.3220291138
117.8784942627,38.322715759299996
117.88124084469999,38.322715759299996
117.87437438959999,38.3254623413
117.88124084469999,38.3240890503
117.86750793459998,38.3261489869
117.8730010986,38.3261489869
117.87437438959999,38.3261489869
117.87437438959999,38.3268356324
117.8757476806,38.3275222779
117.8771209716,38.3275222779
117.8757476806,38.3282089234
117.8784942627,38.3288955689
117.87986755370001,38.3288955689
117.8784942627,38.3295822144
117.89909362790002,38.3247756958
117.89909362790002,38.3254623413
117.8620147705,38.3446884156
117.86338806149999,38.3460617066
117.8647613525,38.3460617066
117.86338806149999,38.3467483521
117.8647613525,38.3467483521
117.8661346435,38.347434997600004
117.8661346435,38.3481216432
117.86750793459998,38.3481216432
117.86750793459998,38.3488082887
117.86888122559999,38.3488082887
117.86888122559999,38.3494949342
117.8702545166,38.3508682252
117.905960083,38.3659744263
117.905960083,38.366661071799996
117.910079956,38.3673477173
117.908706665,38.3680343628
117.910079956,38.3680343628
117.997970581,38.3405685425
117.59559631350001,38.7587356568
117.59971618649999,38.7587356568
117.59010314940001,38.7601089478
117.59147644040002,38.7601089478
117.76588439940001,38.9317703248
117.76588439940001,38.9324569703
117.7686309815,38.9393234253
117.77137756350001,38.9393234253
117.7645111084,38.9461898804
117.76725769040002,38.945503234899995
117.76588439940001,38.9461898804
117.76725769040002,38.9461898804
117.7686309815,38.945503234899995
117.7507781982,38.9503097534
117.74803161620001,38.9509963988
117.7466583252,38.9516830444
117.74803161620001,38.9516830444
117.74940490719999,38.9509963988
117.7507781982,38.9509963988
117.73704528809999,38.9544296265
117.7384185791,38.953742981
117.7397918701,38.953742981
117.734298706,38.9558029175
117.73155212399999,38.9571762085
117.732925415,38.956489563000005
117.732925415,38.9571762085
117.73567199709998,38.955116272
117.73567199709998,38.9558029175
117.7411651611,38.9530563355
117.74253845209999,38.9530563355
117.7439117431,38.95236969
117.7452850341,38.95236969
117.7590179444,38.9475631714
117.7617645264,38.9468765259
117.76039123540001,38.9475631714
117.7617645264,38.9475631714
117.7576446534,38.9482498169
117.7590179444,38.9482498169
117.7576446534,38.9489364624
117.7521514893,38.9503097534
117.7631378174,38.9468765259
117.7645111084,38.9468765259
117.72605896,38.9599227906
117.72743225100001,38.9599227906
117.72605896,38.9606094361
117.7590179444,38.9578628541
117.76039123540001,38.9578628541
117.7397918701,38.9791488648
117.7452850341,38.9770889283
117.74253845209999,38.9784622193
117.7411651611,38.9791488648
117.74253845209999,38.9791488648
117.75489807129999,38.9736557007
117.7562713623,38.9736557007
117.7576446534,38.9722824097
117.7590179444,38.9722824097
117.7617645264,38.9715957642
117.76039123540001,38.9722824097
117.7617645264,38.9722824097
117.7576446534,38.9729690552
117.7590179444,38.9729690552
117.77137756350001,38.9695358277
117.7727508545,38.9695358277
117.7686309815,38.9702224732
117.77137756350001,38.9702224732
117.7727508545,38.9702224732
117.7631378174,38.9715957642
117.7631378174,38.9722824097
117.76588439940001,38.9715957642
117.76725769040002,38.9715957642
117.75352478030001,38.9791488648
117.7562713623,38.9784622193
117.7562713623,38.9791488648
117.7617645264,38.9770889283
117.7617645264,38.9777755738
117.7576446534,38.9784622193
117.7576446534,38.9791488648
117.7617645264,38.9784622193
117.7617645264,38.9791488648
117.7631378174,38.9764022828
117.7645111084,38.9764022828
117.7631378174,38.9770889283
117.76588439940001,38.9770889283
117.76725769040002,38.9784622193
117.76725769040002,38.9791488648
117.7700042725,38.9777755738
117.77137756350001,38.9770889283
117.7727508545,38.9770889283
117.77137756350001,38.9777755738
117.7686309815,38.9784622193
117.7686309815,38.9791488648
117.6848602295,38.997001648
117.68760681149999,38.9867019654
117.728805542,38.9812088013
117.72743225100001,38.981895446799996
117.72193908690001,38.9846420288
117.72331237790002,38.9846420288
117.724685669,38.9825820923
117.72605896,38.9825820923
117.724685669,38.9832687378
117.72743225100001,38.9825820923
117.72743225100001,38.9832687378
117.728805542,38.9832687378
117.72605896,38.9839553833
117.728805542,38.9839553833
117.7205657959,38.9853286744
117.7191925049,38.9860153199
117.7205657959,38.9860153199
117.72193908690001,38.9853286744
117.72331237790002,38.9853286744
117.7191925049,38.9880752564
117.72193908690001,38.9901351929
117.72331237790002,38.9901351929
117.724685669,38.989448547399995
117.724685669,38.9901351929
117.7027130127,38.9942550659
117.7123260498,38.9921951294
117.7150726319,38.9921951294
117.7150726319,38.9928817749
117.7191925049,38.9915084839
117.7205657959,38.9915084839
117.72331237790002,38.9908218384
117.7191925049,38.9921951294
117.7191925049,38.9928817749
117.7205657959,38.9928817749
117.730178833,38.980522155799996
117.73155212399999,38.980522155799996
117.730178833,38.9812088013
117.730178833,38.981895446799996
117.73155212399999,38.981895446799996
117.73704528809999,38.9798355103
117.73567199709998,38.980522155799996
117.73704528809999,38.980522155799996
117.7397918701,38.9798355103
117.73567199709998,38.9812088013
117.730178833,38.9825820923
117.73155212399999,38.9825820923
117.730178833,38.9832687378
117.7397918701,38.9846420288
117.74940490719999,38.9812088013
117.74940490719999,38.981895446799996
117.7411651611,38.9839553833
117.74253845209999,38.9839553833
117.7411651611,38.9846420288
117.74253845209999,38.9846420288
117.7466583252,38.9825820923
117.74940490719999,38.9832687378
117.7466583252,38.9839553833
117.7466583252,38.9846420288
117.74940490719999,38.9839553833
117.7507781982,38.9839553833
117.7507781982,38.9846420288
117.73155212399999,38.9873886109
117.732925415,38.9867019654
117.734298706,38.9867019654
117.732925415,38.9873886109
117.73704528809999,38.9860153199
117.7397918701,38.9853286744
117.73567199709998,38.9867019654
117.730178833,38.9880752564
117.73155212399999,38.9880752564
117.730178833,38.9887619019
117.7439117431,38.9860153199
117.7439117431,38.9867019654
117.7439117431,38.9873886109
117.7452850341,38.9873886109
117.7466583252,38.9853286744
117.74803161620001,38.9853286744
117.7507781982,38.9853286744
117.7466583252,38.9867019654
117.75352478030001,38.9798355103
117.75352478030001,38.9812088013
117.75352478030001,38.981895446799996
117.75489807129999,38.9812088013
117.75489807129999,38.981895446799996
117.7576446534,38.9798355103
117.7617645264,38.9798355103
117.7576446534,38.981895446799996
117.7590179444,38.981895446799996
117.76039123540001,38.981895446799996
117.75352478030001,38.9825820923
117.75489807129999,38.9825820923
117.75352478030001,38.9839553833
117.7521514893,38.9846420288
117.75352478030001,38.9846420288
117.7576446534,38.9825820923
117.7590179444,38.9825820923
117.76039123540001,38.9825820923
117.7521514893,38.9853286744
117.7727508545,39.0086746217
117.76588439940001,39.0210342408
117.76588439940001,39.0217208863
117.76725769040002,39.0217208863
117.7631378174,39.0224075318
117.7645111084,39.0224075318
117.7686309815,39.0210342408
117.9347991944,38.8727188111
117.9347991944,38.8734054566
117.93617248540001,38.8727188111
117.93617248540001,38.8734054566
117.9347991944,38.8740921021
117.9334259034,38.874778747600004
117.9347991944,38.874778747600004
117.9334259034,38.8754653932
117.9347991944,38.8754653932
117.816696167,38.9173507691
117.816696167,38.9180374146
117.818069458,38.9200973512
117.8716278076,38.9290237427
118.00071716309999,38.9214706422
118.00071716309999,38.9221572877
117.7960968018,38.936576843299996
117.79747009280001,38.936576843299996
117.7960968018,38.9372634888
117.8496551514,38.9516830444
117.8496551514,38.95236969
117.78099060059999,38.9681625367
117.7837371826,38.967475891199996
117.7823638916,38.9681625367
117.7837371826,38.9681625367
117.7892303466,38.9667892457
117.78648376459999,38.967475891199996
117.7892303466,38.967475891199996
117.79197692870001,38.9667892457
117.79335021969999,38.9661026002
117.7947235107,38.9661026002
117.79335021969999,38.9667892457
117.79747009280001,38.9654159547
117.79884338379999,38.9654159547
117.8002166748,38.9654159547
117.8057098389,38.9640426637
117.8015899659,38.9647293092
117.8029632569,38.9647293092
117.8015899659,38.9654159547
117.8029632569,38.9654159547
117.8057098389,38.9647293092
117.7960968018,38.9661026002
117.79747009280001,38.9661026002
117.79884338379999,38.9661026002
117.8084564209,38.9640426637
117.77549743649999,38.968849182199996
117.77549743649999,38.9695358277
117.7782440185,38.968849182199996
117.77961730959998,38.968849182199996
117.7851104736,38.9736557007
117.78648376459999,38.9736557007
117.7768707275,38.9757156373
117.7782440185,38.9757156373
117.7768707275,38.9764022828
117.78099060059999,38.9743423463
117.77961730959998,38.975028991799995
117.78099060059999,38.975028991799995
117.7823638916,38.9743423463
117.7837371826,38.9743423463
117.7823638916,38.975028991799995
117.77961730959998,38.9757156373
117.7851104736,38.9743423463
117.7892303466,38.9777755738
117.7892303466,38.9784622193
117.7878570556,38.9791488648
117.8029632569,38.9777755738
117.8029632569,38.9784622193
117.813949585,38.975028991799995
117.81532287600001,38.975028991799995
117.816696167,38.975028991799995
117.812576294,38.9757156373
117.813949585,38.9757156373
117.81532287600001,38.9757156373
117.816696167,38.9757156373
117.8702545166,38.9489364624
117.7837371826,38.9812088013
117.7823638916,38.981895446799996
117.7837371826,38.981895446799996
117.78099060059999,38.9832687378
117.7823638916,38.9825820923
117.7837371826,38.9825820923
117.7823638916,38.9832687378
117.78099060059999,38.9839553833
117.78648376459999,38.9798355103
117.7851104736,38.980522155799996
117.78648376459999,38.980522155799996
117.7851104736,38.9812088013
117.77961730959998,38.9860153199
117.7782440185,38.9880752564
117.7782440185,38.9887619019
117.7782440185,38.9901351929
117.77961730959998,38.9880752564
117.77961730959998,38.9887619019
117.7906036377,38.989448547399995
117.7906036377,38.9901351929
117.7782440185,38.9908218384
117.7782440185,38.9915084839
117.7768707275,38.9928817749
117.7782440185,38.9928817749
117.7768707275,38.9935684204
117.7782440185,38.9935684204
117.7768707275,38.9942550659
117.7768707275,38.9949417113
117.7892303466,38.9915084839
117.7892303466,38.9921951294
117.7892303466,38.9928817749
117.7892303466,38.9935684204
117.7892303466,38.9942550659
117.7878570556,38.9956283569
117.77549743649999,38.997001648
117.7768707275,38.9963150025
117.7768707275,38.997001648
117.77549743649999,38.9976882935
117.7768707275,38.9976882935
117.77549743649999,39.000434875500005
117.77549743649999,39.001121521
117.7878570556,38.9963150025
117.7878570556,38.997001648
117.7878570556,38.998374939
117.78648376459999,38.9990615845
117.78648376459999,38.99974823
117.7878570556,38.9990615845
117.7878570556,38.99974823
117.78648376459999,39.000434875500005
117.78648376459999,39.001121521
117.77549743649999,39.0018081666
117.7741241455,39.002494812100004
117.77549743649999,39.002494812100004
117.77549743649999,39.0031814576
117.7741241455,39.0038681031
117.7741241455,39.0045547486
117.7741241455,39.0052413941
117.7741241455,39.0059280396
117.7741241455,39.006614685100004
117.78648376459999,39.0018081666
117.78648376459999,39.0031814576
117.7851104736,39.0038681031
117.78648376459999,39.0038681031
117.7851104736,39.0052413941
117.7851104736,39.0059280396
117.7741241455,39.0073013307
117.7741241455,39.0079879762
117.7851104736,39.0073013307
117.6189422607,39.0251541138
117.7727508545,39.046440124600004
117.7700042725,39.0471267701
117.7686309815,39.0478134156
117.7700042725,39.0478134156
117.77137756350001,39.0471267701
117.77137756350001,39.0478134156
117.7645111084,39.0491867066
117.76725769040002,39.0485000611
117.76725769040002,39.0491867066
117.7645111084,39.0498733521
117.7686309815,39.0485000611
117.7741241455,39.046440124600004
119.1790008545,37.2529220582
119.1899871826,37.242622375500005
119.1899871826,37.2474288941
119.1899871826,37.2481155396
119.1899871826,37.248802185100004
119.1913604736,37.2460556031
119.1913604736,37.2467422486
119.1913604736,37.2474288941
119.1899871826,37.2494888307
119.1803741455,37.2542953492
119.18174743649999,37.254981994699996
119.1831207275,37.254981994699996
118.876876831,37.2707748413
118.87825012209998,37.2707748413
118.87825012209998,37.2714614869
118.9688873291,37.2748947144
118.97300720209999,37.2742080689
118.9867401123,37.2769546509
118.9894866944,37.2776412964
118.99085998540001,37.2776412964
119.94529724120001,37.4135971069
119.9480438232,37.4135971069
119.94529724120001,37.4142837525
119.9480438232,37.4170303345
119.9480438232,37.419090271
119.9494171143,37.4135971069
119.95079040530001,37.4135971069
119.95216369629999,37.4135971069
119.95216369629999,37.4142837525
119.95216369629999,37.416343689
119.95216369629999,37.4170303345
119.94667053219999,37.4218368531
119.94667053219999,37.4225234986
119.95079040530001,37.420463562100004
119.95079040530001,37.4211502076
119.95079040530001,37.4218368531
120.015335083,37.442436218299996
120.18424987790002,37.6738357544
120.2172088623,37.6765823363
120.2185821534,37.6758956909
120.2185821534,37.6765823363
120.2872467041,37.6449966432
120.28587341309999,37.6463699342
120.28450012209998,37.6470565797
120.283126831,37.6484298707
120.283126831,37.649116516199996
120.28175354,37.6498031617
120.283126831,37.6498031617
120.28450012209998,37.6484298707
120.3119659424,37.6415634156
120.3133392334,37.6415634156
120.31471252440001,37.6415634156
120.31608581540002,37.6415634156
120.3174591065,37.6415634156
120.30372619629999,37.6456832887
120.30372619629999,37.6463699342
120.30235290530001,37.6477432252
120.30235290530001,37.6484298707
120.30372619629999,37.6477432252
120.30235290530001,37.649116516199996
120.30235290530001,37.6498031617
120.30372619629999,37.649116516199996
120.30235290530001,37.650489807199996
120.30235290530001,37.6511764527
120.30235290530001,37.6518630982
120.30235290530001,37.6525497437
120.30235290530001,37.6546096802
120.30235290530001,37.6552963257
120.3188323975,37.6511764527
120.32020568850001,37.6511764527
120.3215789795,37.6525497437
120.3188323975,37.6546096802
120.32020568850001,37.6546096802
120.30235290530001,37.6573562623
120.30235290530001,37.6580429078
120.30235290530001,37.6594161988
120.3009796143,37.6601028443
120.30235290530001,37.6601028443
120.3009796143,37.6607894898
120.3119659424,37.656669616799995
120.3119659424,37.6573562623
120.3133392334,37.6580429078
120.31608581540002,37.6573562623
120.31608581540002,37.6580429078
120.3133392334,37.6587295533
120.2611541748,37.663536071799996
120.2570343018,37.6683425904
120.25978088379999,37.6717758179
120.25840759280001,37.6724624634
120.30921936040001,37.6614761353
120.30921936040001,37.662162780799996
120.3064727784,37.663536071799996
120.3064727784,37.6642227173
120.3064727784,37.6649093628
120.62782287600001,37.7830123902
120.6209564209,37.7871322632
120.63743591309999,37.7795791627
120.8406829834,37.815971374600004
120.8393096924,37.8173446656
120.84342956540002,37.8187179566
120.83656311040001,37.8207778932
120.8406829834,37.8221511842
120.8406829834,37.8228378297
120.84342956540002,37.8228378297
120.8448028565,37.8207778932
120.8448028565,37.8221511842
120.81184387209998,37.846870422399995
122.17002868649999,36.847114563000005
122.17002868649999,36.8478012085
122.1768951416,36.8478012085
122.3760223389,36.859474182199996
122.3760223389,36.8601608277
122.38014221190001,36.8608474732
122.38151550290002,36.8608474732
122.42408752440001,36.89037323
122.42546081540002,36.8938064576
122.4268341065,36.8924331666
122.4474334716,36.8718338013
122.4474334716,36.872520446799996
122.4460601806,36.8732070923
122.4419403076,36.8780136109
122.4364471435,36.8807601929
122.43782043459998,36.8793869019
122.43782043459998,36.880073547399995
122.43919372559999,36.880073547399995
122.44468688959999,36.8759536744
122.4433135986,36.8787002564
122.4433135986,36.8793869019
122.4433135986,36.880073547399995
122.44468688959999,36.880073547399995
122.44468688959999,36.8807601929
122.4350738525,36.8814468384
122.4364471435,36.8814468384
122.43782043459998,36.8821334839
122.43919372559999,36.8821334839
122.43919372559999,36.8828201294
122.43919372559999,36.8835067749
122.43919372559999,36.8841934204
122.43919372559999,36.8848800659
122.44468688959999,36.8814468384
122.43919372559999,36.887626648
122.43370056149999,36.891059875500005
122.5737762451,37.2570419312
121.5808868409,37.442436218299996
121.3735198975,37.5550460816
121.3762664795,37.5550460816
121.3735198975,37.556419372600004
121.37489318850001,37.5557327271
121.37489318850001,37.5571060182
121.37489318850001,37.5577926637
121.3762664795,37.5584793092
121.37489318850001,37.562599182199996
121.37489318850001,37.5639724732
121.3762664795,37.5639724732
121.3762664795,37.5680923463
121.38450622559999,37.547492981
121.3858795166,37.548866272
121.3858795166,37.5495529175
121.3872528076,37.5495529175
121.3872528076,37.550239563000005
121.3872528076,37.5509262085
121.3886260986,37.5509262085
121.3776397705,37.5543594361
121.3817596435,37.5543594361
121.38313293459998,37.5550460816
121.38313293459998,37.5557327271
121.38450622559999,37.5557327271
121.3886260986,37.5516128541
121.3886260986,37.552299499600004
121.38999938959999,37.552299499600004
121.38999938959999,37.5536727906
121.3913726806,37.5543594361
121.3776397705,37.5584793092
121.37901306149999,37.5591659547
121.3858795166,37.5577926637
121.3858795166,37.5584793092
121.3872528076,37.5591659547
121.3803863525,37.5598526002
121.3886260986,37.5598526002
121.37901306149999,37.562599182199996
121.3817596435,37.5632858277
121.38313293459998,37.5674057007
121.3803863525,37.5680923463
121.3817596435,37.5680923463
121.38313293459998,37.5680923463
121.41471862790002,37.5639724732
121.3803863525,37.5770187378
121.3817596435,37.5770187378
121.37901306149999,37.5783920288
121.3803863525,37.5777053833
121.3858795166,37.5770187378
121.3872528076,37.5770187378
121.38313293459998,37.5777053833
121.38450622559999,37.5777053833
121.3858795166,37.5777053833
121.3872528076,37.5777053833
121.38999938959999,37.5777053833
121.3913726806,37.5777053833
121.37901306149999,37.5790786744
121.37901306149999,37.5797653199
121.37901306149999,37.5804519654
121.37901306149999,37.5811386109
121.37901306149999,37.5818252564
121.37901306149999,37.5825119019
121.3803863525,37.583198547399995
121.3817596435,37.583198547399995
121.38313293459998,37.583198547399995
121.38450622559999,37.583198547399995
121.3858795166,37.583198547399995
121.3872528076,37.583198547399995
121.3886260986,37.583198547399995
121.37901306149999,37.5886917113
121.38450622559999,37.5880050659
121.38450622559999,37.5886917113
121.37901306149999,37.5900650025
121.3913726806,37.594871521
121.39549255370001,37.594871521
121.3996124268,37.5928115845
121.3996124268,37.59349823
121.38313293459998,37.5955581666
121.38313293459998,37.596244812100004
121.38313293459998,37.5969314576
121.38450622559999,37.5969314576
121.38313293459998,37.5976181031
121.3858795166,37.5976181031
121.3858795166,37.5983047486
121.38313293459998,37.5996780396
121.38450622559999,37.5996780396
121.3913726806,37.5955581666
121.3913726806,37.596244812100004
121.3886260986,37.5976181031
121.38999938959999,37.5976181031
121.3913726806,37.5976181031
121.39549255370001,37.5955581666
122.18101501459999,37.4335098267
122.18101501459999,37.4341964722
122.1851348877,37.4341964722
122.2716522216,37.4410629273
122.1892547607,37.4506759644
122.1892547607,37.451362609899995
122.1892547607,37.4520492554
122.19200134280001,37.4451828003
122.19200134280001,37.4458694458
122.19337463379999,37.4465560913
122.19337463379999,37.4472427369
122.1947479248,37.4472427369
122.19337463379999,37.4479293824
122.19200134280001,37.4493026734
122.19337463379999,37.4486160279
122.1974945069,37.4493026734
122.19886779790001,37.4493026734
122.1947479248,37.451362609899995
122.19337463379999,37.4520492554
122.1961212159,37.4499893189
122.1974945069,37.4499893189
122.2002410889,37.4506759644
122.19200134280001,37.4527359009
122.1906280518,37.4534225464
122.19200134280001,37.4534225464
122.19337463379999,37.4527359009
122.19337463379999,37.4534225464
122.2016143799,37.4534225464
122.2029876709,37.4534225464
122.2016143799,37.4541091919
122.216720581,37.4575424194
122.2730255127,37.4417495728
122.2730255127,37.442436218299996
122.27439880370001,37.442436218299996
122.2730255127,37.4431228638
122.2730255127,37.443809509299996
121.1414337159,37.6230239869
121.13868713379999,37.6264572144
121.13868713379999,37.627143859899995
121.06315612790002,37.7136611939
121.06178283690001,37.715034484899995
121.06178283690001,37.7157211304
121.064529419,37.7136611939
121.06590271,37.7136611939
121.06727600100001,37.7136611939
121.068649292,37.7136611939
121.06315612790002,37.7170944214
121.06315612790002,37.7177810669
121.06315612790002,37.7184677124
121.06315612790002,37.7191543579
121.06315612790002,37.7198410034
121.06315612790002,37.7205276488
121.064529419,37.7212142944
121.070022583,37.7136611939
121.1125946045,37.7170944214
121.1139678955,37.7170944214
121.11534118649999,37.7170944214
121.1167144775,37.7170944214
121.1222076416,37.7205276488
121.1222076416,37.7239608765
121.4971160889,37.6518630982
121.4971160889,37.6525497437
121.505355835,37.663536071799996
121.50672912600001,37.663536071799996
121.505355835,37.6649093628
121.27052307129999,37.809791565
121.27052307129999,37.8104782105
122.55592346190001,37.2748947144
122.55592346190001,37.275581359899995
122.558670044,37.2748947144
122.558670044,37.275581359899995
122.560043335,37.275581359899995
122.560043335,37.2762680054
122.6396942139,37.41771698
122.6396942139,37.418403625500005
122.6355743409,37.4197769166
122.6369476319,37.4197769166
118.9482879639,38.074836731
118.94691467290001,38.076210022
118.94691467290001,38.0768966675
118.9455413819,38.077583313000005
118.955154419,38.0782699585
118.9455413819,38.0789566041
118.94691467290001,38.0789566041
118.95652771,38.0789566041
118.95652771,38.079643249600004
118.95378112790002,38.0817031861
118.955154419,38.0823898316
118.95652771,38.0823898316
118.95652771,38.0830764771
118.9716339111,38.0995559693
118.9716339111,38.1002426148
118.9771270752,38.0995559693
118.9771270752,38.1002426148
118.97850036620001,38.1002426148
118.9812469482,38.1002426148
118.97850036620001,38.1009292603
118.9812469482,38.1009292603
118.9812469482,38.101615905799996
119.01145935059999,38.1263351441
119.0128326416,38.1263351441
119.0361785889,38.1318283082
119.03480529790001,38.132514953699996
119.0361785889,38.132514953699996
119.03480529790001,38.1332015992
119.0361785889,38.1332015992
119.0334320069,38.133888244699996
119.1254425049,38.1091690064
119.1268157959,38.1091690064
119.1254425049,38.1098556519
119.1254425049,38.110542297399995
119.0622711181,38.1551742554
119.0636444091,38.1551742554
119.0650177002,38.1551742554
119.0622711181,38.1558609009
119.0636444091,38.1558609009
119.0636444091,38.1565475464
119.1007232666,38.2313919068
119.1007232666,38.2320785523
119.14329528809999,38.2375717163
119.1501617431,38.2341384888
119.1515350341,38.2341384888
119.1515350341,38.234825134299996
119.15565490719999,38.2327651978
119.1474151611,38.2355117798
119.14329528809999,38.2382583619
119.14878845209999,38.2403182984
119.1515350341,38.2485580444
119.1529083252,38.2471847534
119.1529083252,38.2478713988
119.1529083252,38.2485580444
118.431930542,38.4408187867
118.431930542,38.441505432199996
119.5484161377,38.2272720338
119.55116271969999,38.2307052613
119.5525360107,38.2313919068
119.5594024659,38.2245254517
119.5594024659,38.2258987427
119.5539093018,38.2313919068
119.6294403076,38.3110427857
119.62669372559999,38.3144760132
119.6280670166,38.3144760132
119.6308135986,38.3117294312
119.63218688959999,38.3124160767
119.63218688959999,38.3131027222
119.63218688959999,38.3137893677
119.6335601806,38.3144760132
119.6225738525,38.3165359498
119.6225738525,38.3172225953
119.62669372559999,38.3151626588
119.62669372559999,38.315849304299995
119.6280670166,38.3151626588
119.6280670166,38.315849304299995
119.6225738525,38.3179092408
119.6239471435,38.3185958863
119.62532043459998,38.3192825318
119.6335601806,38.3151626588
119.6335601806,38.315849304299995
120.0812530518,38.1922531128
120.0675201416,38.3563613892
120.0675201416,38.3570480347
120.06614685059999,38.3591079713
120.10047912600001,38.3783340454
120.101852417,38.3783340454
120.1375579834,38.3769607544
120.13893127440001,38.3769607544
120.13893127440001,38.3776473999
120.13893127440001,38.3783340454
120.0743865966,38.3948135377
120.0743865966,38.3955001832
120.0743865966,38.396186828699996
120.0757598877,38.3968734742
120.0867462159,38.3886337281
120.0867462159,38.3893203736
120.08949279790001,38.3920669557
120.08949279790001,38.3927536012
120.0881195069,38.3955001832
120.0757598877,38.397560119699996
120.07713317870001,38.397560119699996
120.07850646969999,38.3989334107
120.0798797607,38.3989334107
120.0853729248,38.3982467652
120.0812530518,38.3989334107
120.08262634280001,38.3989334107
120.0867462159,38.397560119699996
120.1320648194,38.3906936646
120.1320648194,38.391380310100004
120.14854431149999,38.3680343628
120.1499176025,38.3673477173
120.1512908935,38.3680343628
120.14854431149999,38.3694076538
120.1499176025,38.3687210083
120.1512908935,38.3687210083
120.1499176025,38.3694076538
118.19984436040001,38.8026809693
118.19984436040001,38.8033676148
118.2039642334,38.8026809693
118.2039642334,38.8033676148
118.1984710694,38.8040542603
118.70384216309999,38.7573623658
118.7065887451,38.7587356568
118.695602417,38.7601089478
118.69422912600001,38.762168884299996
118.69422912600001,38.7628555298
118.69422912600001,38.7635421753
118.695602417,38.7642288208
118.695602417,38.7649154663
118.7065887451,38.7642288208
118.7065887451,38.7649154663
118.7079620361,38.760795593299996
118.7079620361,38.7614822388
118.7079620361,38.7635421753
118.7079620361,38.7642288208
118.7065887451,38.7656021119
118.3536529541,38.8857650757
118.3550262451,38.8857650757
118.3563995361,38.8857650757
118.3536529541,38.8864517213
118.3550262451,38.8864517213
118.35777282709999,38.887138366799995
118.4415435791,38.9386367798
118.4429168701,38.9386367798
118.4415435791,38.9393234253
118.4607696534,38.9461898804
118.4621429444,38.9461898804
118.45802307129999,38.9475631714
118.4552764893,38.9489364624
118.45802307129999,38.9482498169
118.4607696534,38.9468765259
118.4552764893,38.95236969
118.4552764893,38.955116272
118.4552764893,38.9558029175
118.4552764893,38.9578628541
118.4552764893,38.958549499600004
118.4552764893,38.9606094361
118.4552764893,38.9640426637
118.4552764893,38.9647293092
118.4552764893,38.967475891199996
118.4552764893,38.9709091187
118.4552764893,38.9715957642
118.4552764893,38.9729690552
118.4552764893,38.9736557007
118.46900939940001,38.9729690552
118.46900939940001,38.9736557007
118.4552764893,38.9757156373
118.46900939940001,38.9743423463
118.46900939940001,38.975028991799995
118.46900939940001,38.9757156373
118.46900939940001,38.9764022828
118.46900939940001,38.9770889283
118.46900939940001,38.9777755738
118.4676361084,38.9784622193
118.46900939940001,38.9784622193
118.46900939940001,38.9791488648
118.4030914306,38.9956283569
118.4030914306,38.9963150025
118.4044647216,38.9963150025
118.4030914306,38.997001648
118.4030914306,38.9976882935
118.4030914306,38.998374939
118.4030914306,38.9990615845
118.4030914306,38.99974823
118.4168243409,38.99974823
118.4168243409,39.000434875500005
118.4168243409,39.001121521
118.46900939940001,38.9798355103
118.46900939940001,38.980522155799996
118.46900939940001,38.981895446799996
118.46900939940001,38.9832687378
118.46900939940001,38.9839553833
118.46900939940001,38.9860153199
118.4552764893,38.9928817749
118.4552764893,38.9935684204
118.4552764893,38.9942550659
118.4552764893,38.997001648
118.4552764893,38.99974823
118.4552764893,39.000434875500005
118.4168243409,39.002494812100004
118.4168243409,39.0031814576
118.4168243409,39.0038681031
118.4168243409,39.0059280396
118.48960876459999,38.9159774781
118.4909820556,38.9152908326
118.4923553466,38.9152908326
118.4909820556,38.9159774781
118.4923553466,38.9159774781
118.4937286377,38.914604187100004
118.49510192870001,38.914604187100004
118.49647521969999,38.9139175416
118.4978485107,38.9139175416
118.49647521969999,38.914604187100004
118.4978485107,38.914604187100004
118.4937286377,38.9152908326
118.48960876459999,38.9166641236
118.50196838379999,38.9139175416
118.5033416748,38.9139175416
118.50196838379999,38.914604187100004
118.5047149659,38.9139175416
118.5047149659,38.914604187100004
118.50746154790001,38.9139175416
118.5088348389,38.9139175416
118.50746154790001,38.914604187100004
118.5102081299,38.9139175416
118.5115814209,38.9139175416
118.5115814209,38.914604187100004
118.51432800290002,38.9139175416
118.52394104,38.914604187100004
118.52394104,38.9152908326
118.4813690185,38.9372634888
118.48411560059999,38.9386367798
118.48411560059999,38.9393234253
118.4868621826,38.9475631714
118.4868621826,38.9482498169
118.4868621826,38.9496231079
118.4854888916,38.9509963988
118.4854888916,38.9516830444
118.4882354736,38.9468765259
118.74778747559999,39.0121078492
118.7491607666,39.012794494699996
119.3328094482,38.9516830444
119.3328094482,38.95236969
118.519821167,39.0450668335
118.52394104,39.0450668335
118.525314331,39.0450668335
118.519821167,39.0457534791
118.48960876459999,39.0828323363
118.48960876459999,39.0835189819
118.4992218018,39.0965652467
118.4992218018,39.0972518922
119.0196990966,39.0272140503
119.0210723877,39.0265274048
119.0210723877,39.0272140503
119.0210723877,39.0279006958
119.0210723877,39.0285873413
119.02244567870001,39.0285873413
119.02244567870001,39.0292739869
119.0032196045,39.1988754273
119.1474151611,39.1700363159
119.14878845209999,39.1707229613
119.1501617431,39.1707229613
119.19822692870001,39.1082382203
119.19960021969999,39.1075515748
119.19822692870001,39.1089248658
119.19822692870001,39.1096115113
119.1968536377,39.1102981568
119.1968536377,39.1109848023
119.1968536377,39.1116714478
119.1968536377,39.112358093299996
119.1968536377,39.1130447388
119.2009735107,39.1164779663
119.2023468018,39.1116714478
119.2023468018,39.112358093299996
119.21058654790001,39.1116714478
119.2064666748,39.1164779663
119.2092132569,39.1151046753
119.21058654790001,39.1144180298
119.21058654790001,39.1151046753
119.2078399659,39.1157913208
119.2092132569,39.1157913208
119.2078399659,39.1164779663
119.2064666748,39.1171646119
119.0032196045,39.1995620728
119.0032196045,39.200248718299996
118.9936065674,39.2023086548
118.9936065674,39.2029953003
118.9949798584,39.2029953003
118.99635314940001,39.2029953003
118.99635314940001,39.2036819458
118.99772644040002,39.2036819458
118.9826202393,39.2057418824
118.98399353030001,39.2057418824
118.98399353030001,39.2064285279
118.98399353030001,39.2071151734
118.98536682129999,39.2064285279
118.9867401123,39.2064285279
118.98536682129999,39.2071151734
118.9867401123,39.2071151734
118.9881134034,39.2071151734
118.9881134034,39.2078018189
118.9894866944,39.2078018189
118.99085998540001,39.2078018189
118.99085998540001,39.2084884644
118.9922332764,39.2084884644
118.9936065674,39.209175109899995
118.9949798584,39.2098617554
119.0004730225,39.2098617554
118.9936065674,39.2112350464
118.9936065674,39.2119216919
118.9949798584,39.2126083374
118.9990997315,39.2112350464
119.0004730225,39.2112350464
118.9990997315,39.2119216919
118.9949798584,39.2153549194
118.99635314940001,39.2153549194
118.9990997315,39.2132949829
118.9990997315,39.2139816284
118.9990997315,39.2146682738
118.9990997315,39.2153549194
118.9949798584,39.216041565
118.99635314940001,39.216041565
118.99772644040002,39.216041565
119.0128326416,39.2009353638
119.0128326416,39.201622009299996
119.0142059326,39.201622009299996
119.0087127685,39.2036819458
119.0073394775,39.2043685913
119.01008605959998,39.2023086548
119.01145935059999,39.2023086548
119.01008605959998,39.2029953003
119.0155792236,39.2029953003
119.0155792236,39.2036819458
119.01695251459999,39.2036819458
119.0073394775,39.2057418824
119.0087127685,39.2064285279
119.0087127685,39.2071151734
119.0045928955,39.2078018189
119.0045928955,39.209175109899995
119.00596618649999,39.209175109899995
119.00596618649999,39.2098617554
119.01008605959998,39.2084884644
119.01695251459999,39.2050552369
119.0183258056,39.2050552369
119.0183258056,39.2057418824
119.0196990966,39.2078018189
119.02244567870001,39.2098617554
119.02381896969999,39.2098617554
119.00596618649999,39.2105484009
119.0087127685,39.2105484009
119.01008605959998,39.2105484009
119.02244567870001,39.2105484009
119.0265655518,39.2119216919
119.0265655518,39.2126083374
119.02931213379999,39.2139816284
119.0320587159,39.2153549194
119.03480529790001,39.2167282105
119.0760040284,39.238700866799995
119.0760040284,39.2393875123
119.0801239014,39.2407608033
119.0828704834,39.2428207398
119.08424377440001,39.2428207398
119.08424377440001,39.2435073853
121.13319396969999,38.8088607788
121.1235809326,38.8102340699
121.1235809326,38.8109207154
121.1167144775,38.8122940064
121.1167144775,38.8129806519
121.12083435059999,38.8129806519
121.13319396969999,38.8095474244
121.1359405518,38.8088607788
121.13731384280001,38.8088607788
121.13731384280001,38.8095474244
121.13731384280001,38.8102340699
121.13731384280001,38.8109207154
121.13731384280001,38.8116073609
121.13868713379999,38.8116073609
121.1359405518,38.8122940064
121.13731384280001,38.8122940064
121.1359405518,38.8129806519
121.13731384280001,38.8129806519
121.1359405518,38.813667297399995
121.13731384280001,38.813667297399995
121.1359405518,38.8143539429
121.12083435059999,38.8150405884
121.1304473877,38.8150405884
121.1304473877,38.8157272339
121.13182067870001,38.8171005249
121.1359405518,38.8150405884
121.6138458252,38.9400100708
121.6550445556,38.9303970338
121.6550445556,38.931083679299995
121.6564178466,38.931083679299995
121.6564178466,38.9317703248
121.6577911377,38.9317703248
121.65916442870001,38.9317703248
121.65916442870001,38.9324569703
121.66053771969999,38.9324569703
121.65367126459999,38.9338302613
121.6550445556,38.9331436158
121.66053771969999,38.9331436158
121.6564178466,38.9358901978
121.6948699951,38.9386367798
121.6948699951,38.9393234253
121.6948699951,38.9400100708
121.6962432861,38.937950134299996
121.6962432861,38.9386367798
121.6962432861,38.9393234253
121.6962432861,38.9400100708
121.64268493649999,38.958549499600004
121.64680480959998,38.9633560182
121.6495513916,38.9654159547
121.6550445556,38.9661026002
121.6550445556,38.9667892457
121.6522979736,38.9681625367
121.65367126459999,38.9681625367
121.66053771969999,38.967475891199996
121.66053771969999,38.9681625367
121.65916442870001,38.9702224732
121.7580413819,38.9770889283
121.8047332764,38.9784622193
121.81022644040002,38.9764022828
121.81022644040002,38.9770889283
121.8061065674,38.9784622193
121.8074798584,38.9784622193
121.8074798584,38.9791488648
121.80885314940001,38.9784622193
121.6564178466,38.997001648
121.6564178466,38.9976882935
121.6550445556,38.99974823
121.69212341309999,39.001121521
121.6728973389,39.0107345582
121.681137085,39.0100479127
121.681137085,39.0107345582
121.68251037600001,39.0100479127
121.683883667,39.011421203699996
121.68800354,39.0052413941
121.689376831,39.0052413941
121.68800354,39.0059280396
121.689376831,39.0059280396
121.68800354,39.006614685100004
121.69075012209998,39.0052413941
121.69075012209998,39.006614685100004
121.68663024899999,39.0073013307
121.689376831,39.0107345582
121.685256958,39.011421203699996
121.68663024899999,39.011421203699996
121.68663024899999,39.0121078492
121.689376831,39.011421203699996
121.689376831,39.0121078492
121.6989898681,39.0107345582
121.6989898681,39.011421203699996
121.7017364502,39.0121078492
121.68800354,39.0134811402
121.685256958,39.0141677857
121.685256958,39.0155410767
121.6934967041,39.0169143677
121.7003631591,39.012794494699996
121.69761657709999,39.0148544312
121.7003631591,39.0148544312
121.7017364502,39.0141677857
121.70310974120001,39.0148544312
121.6962432861,39.0155410767
121.69761657709999,39.0155410767
121.69761657709999,39.0162277222
121.7003631591,39.0155410767
121.7003631591,39.0162277222
121.69761657709999,39.0169143677
121.7017364502,39.0162277222
121.7017364502,39.0169143677
121.79786682129999,38.9798355103
121.8006134034,38.9812088013
121.8006134034,38.981895446799996
121.8047332764,38.981895446799996
121.8047332764,38.9825820923
121.8061065674,38.980522155799996
121.8074798584,38.980522155799996
121.7498016357,39.0107345582
121.7498016357,39.011421203699996
121.7498016357,39.0121078492
121.7511749268,39.0086746217
121.75254821780001,39.0086746217
121.7511749268,39.0093612672
121.75392150879999,39.0086746217
121.75392150879999,39.0093612672
121.7511749268,39.0100479127
121.7498016357,39.0134811402
121.74705505370001,39.0141677857
121.74705505370001,39.0148544312
121.74842834469999,39.0148544312
121.7498016357,39.0148544312
121.74705505370001,39.0155410767
121.7456817627,39.0162277222
121.74705505370001,39.0162277222
121.74705505370001,39.0176010132
121.74705505370001,39.0182876588
121.7511749268,39.0134811402
121.7511749268,39.0141677857
121.855545044,38.9420700074
121.856918335,38.9434432984
121.85829162600001,38.9434432984
121.85279846190001,38.9448165894
121.85417175290002,38.9448165894
121.85279846190001,38.945503234899995
121.855545044,38.9441299439
121.856918335,38.9441299439
121.855545044,38.9448165894
121.8459320069,38.9475631714
121.8459320069,38.9482498169
121.86241149899999,38.9413833619
121.86378479,38.9420700074
121.87339782709999,38.9489364624
121.8747711181,38.9489364624
121.8775177002,38.9496231079
121.8775177002,38.9503097534
121.87889099120001,38.9516830444
121.88026428219999,38.9516830444
121.88575744629999,38.9558029175
121.9008636475,38.9709091187
121.8953704834,38.9722824097
121.8953704834,38.9729690552
121.8953704834,38.9736557007
121.8939971924,38.9743423463
121.8953704834,38.9743423463
121.8939971924,38.9757156373
121.8994903565,38.9764022828
121.89811706540002,38.9770889283
121.89811706540002,38.9777755738
121.8994903565,38.9770889283
121.8994903565,38.9777755738
121.9036102295,38.9770889283
121.90223693850001,38.9777755738
121.9049835205,38.9612960816
121.9049835205,38.9619827271
121.9091033935,38.9647293092
121.91047668459998,38.9647293092
121.9049835205,38.9770889283
121.8953704834,38.9798355103
121.8939971924,38.9825820923
121.8939971924,38.9832687378
121.89674377440001,38.9839553833
121.89811706540002,38.9839553833
121.8871307373,38.998374939
121.8898773194,38.997001648
121.89125061040001,38.9963150025
121.8926239014,38.9963150025
121.89125061040001,38.997001648
121.8885040284,38.9976882935
121.8898773194,38.9976882935
121.8885040284,38.998374939
121.8898773194,38.998374939
121.88438415530001,38.99974823
121.8871307373,38.9990615845
121.88575744629999,38.99974823
121.8871307373,38.99974823
121.8830108643,39.000434875500005
121.88438415530001,39.000434875500005
121.8830108643,39.001121521
121.88438415530001,39.001121521
121.88575744629999,39.000434875500005
121.8885040284,38.9990615845
121.8939971924,38.9963150025
121.8939971924,38.997001648
121.8939971924,38.9976882935
121.8953704834,38.9976882935
121.89674377440001,38.9990615845
121.8994903565,39.000434875500005
121.8994903565,39.001121521
121.859664917,39.0169143677
121.85829162600001,39.0176010132
121.859664917,39.0176010132
121.856918335,39.018974304299995
121.85829162600001,39.0182876588
121.85829162600001,39.018974304299995
121.856918335,39.0196609498
121.855545044,39.0203475953
121.856918335,39.0203475953
121.855545044,39.0210342408
121.8706512451,39.0031814576
121.8720245361,39.002494812100004
121.87339782709999,39.002494812100004
121.8720245361,39.0031814576
121.8816375732,39.0018081666
121.88026428219999,39.002494812100004
121.8816375732,39.002494812100004
121.87889099120001,39.0031814576
121.88026428219999,39.0031814576
121.8720245361,39.0059280396
121.8720245361,39.006614685100004
121.86790466309999,39.0121078492
121.8692779541,39.011421203699996
121.8720245361,39.0093612672
121.8720245361,39.0100479127
121.87339782709999,39.0100479127
121.8830108643,39.0018081666
121.86653137209998,39.012794494699996
121.86790466309999,39.012794494699996
122.07252502440001,38.8994979859
122.07252502440001,38.9001846314
122.07389831540002,38.9022445679
122.0752716065,38.9022445679
122.0752716065,38.9029312134
121.7388153076,39.025840759299996
121.7388153076,39.0265274048
121.7374420166,39.0272140503
121.7374420166,39.0279006958
121.7374420166,39.0285873413
121.7401885986,39.025840759299996
121.73606872559999,39.0292739869
121.84181213379999,39.0299606324
121.84181213379999,39.0306472779
121.8431854248,39.0306472779
121.84181213379999,39.0313339234
121.8431854248,39.0313339234
121.8431854248,39.0320205689
121.8431854248,39.0327072144
121.8431854248,39.033393859899995
122.5737762451,39.2654800416
123.9141082764,38.5685348512
119.6157073975,39.8402023316
119.61708068850001,39.8402023316
119.6184539795,39.8402023316
119.58274841309999,39.9013137818
119.58274841309999,39.9020004273
119.7777557373,39.8147964478
119.7777557373,39.815483093299996
119.77638244629999,39.8161697388
119.58274841309999,39.903373718299996
119.58137512209998,39.9040603638
119.58274841309999,39.9040603638
119.58274841309999,39.904747009299996
119.58274841309999,39.9054336548
119.58137512209998,39.9074935913
119.5868682861,39.9068069458
119.58824157709999,39.9068069458
119.5868682861,39.9074935913
119.58824157709999,39.9074935913
119.5909881591,39.9074935913
119.59510803219999,39.9061203003
119.59510803219999,39.9068069458
119.5964813232,39.9074935913
119.58137512209998,39.9081802369
119.58137512209998,39.9088668824
119.58137512209998,39.9095535279
119.58137512209998,39.9102401734
119.58274841309999,39.9102401734
119.5841217041,39.9102401734
119.5868682861,39.9081802369
119.5868682861,39.9088668824
119.5909881591,39.9088668824
119.5909881591,39.9102401734
119.5978546143,39.9074935913
119.5978546143,39.9081802369
119.61708068850001,39.9246597291
119.65690612790002,39.9184799194
119.64454650879999,39.920539856
119.6459197998,39.920539856
119.64317321780001,39.9225997925
119.64454650879999,39.9225997925
119.65690612790002,39.919166565
119.6541595459,39.9225997925
119.65553283690001,39.921913147
119.65553283690001,39.923286438000005
119.67613220209999,39.9143600464
119.6775054931,39.9136734009
119.6775054931,39.9143600464
119.67613220209999,39.9171066284
119.6775054931,39.9164199829
119.66926574709998,39.9239730835
119.67613220209999,39.9198532105
119.6775054931,39.9198532105
119.67613220209999,39.921913147
119.67613220209999,39.9225997925
119.6459197998,39.9260330201
119.6472930909,39.9260330201
119.6486663819,39.9274063111
119.65003967290001,39.9274063111
119.65553283690001,39.9260330201
119.667892456,39.9246597291
119.66926574709998,39.9246597291
119.66926574709998,39.925346374600004
119.67063903809999,39.9267196656
119.66514587399999,39.9287796021
119.66514587399999,39.929466247600004
119.666519165,39.9287796021
119.666519165,39.929466247600004
119.67063903809999,39.9274063111
119.6720123291,39.9287796021
119.6733856201,39.9287796021
119.6720123291,39.929466247600004
119.6733856201,39.929466247600004
119.67613220209999,39.9246597291
119.67613220209999,39.925346374600004
119.67613220209999,39.9267196656
119.67613220209999,39.9274063111
119.666519165,39.9301528932
119.667892456,39.9308395387
119.66926574709998,39.9308395387
119.67063903809999,39.9328994752
119.6720123291,39.9328994752
119.6720123291,39.9335861207
119.6953582764,39.9315261842
119.6967315674,39.9315261842
119.6981048584,39.9315261842
119.6981048584,39.9322128297
119.69947814940001,39.9328994752
119.6981048584,39.934272766199996
119.8230743409,39.9686050416
119.8244476319,39.9686050416
119.82582092290001,39.9740982057
119.8271942139,39.9747848512
119.82582092290001,39.9754714967
119.8299407959,39.9754714967
119.8299407959,39.9761581422
119.8285675049,39.9768447877
119.834060669,39.9775314332
119.83543396,39.9775314332
119.834060669,39.978218078699996
119.83543396,39.978218078699996
119.83268737790002,39.9816513062
119.834060669,39.9816513062
119.8285675049,39.9830245972
119.8285675049,39.9837112427
119.8285675049,39.9843978882
119.834060669,39.9823379517
119.83268737790002,39.985771179299995
119.83131408690001,39.9864578248
119.83268737790002,39.9864578248
119.83131408690001,39.9871444703
120.0469207764,40.0667953492
120.0469207764,40.067481994699996
120.04554748540001,40.0750350953
120.0482940674,40.0764083863
120.0482940674,40.0770950318
120.1197052002,40.0750350953
120.629196167,39.7818374634
120.629196167,39.7825241089
120.629196167,39.7838973999
120.8269500732,39.9088668824
120.82420349120001,39.9116134644
120.82420349120001,39.912300109899995
120.82969665530001,39.9088668824
120.8283233643,39.9095535279
120.8283233643,39.9102401734
120.82969665530001,39.9102401734
120.83106994629999,39.9095535279
120.83106994629999,39.9102401734
120.82969665530001,39.9109268189
120.82969665530001,39.9116134644
120.83106994629999,39.9109268189
120.8283233643,39.912300109899995
120.8283233643,39.9129867554
120.8283233643,39.9136734009
120.8283233643,39.9143600464
120.82969665530001,39.9143600464
120.82969665530001,39.9150466919
120.82969665530001,39.9157333374
120.83106994629999,39.9150466919
120.83106994629999,39.9157333374
121.2718963623,39.5009994507
121.2718963623,39.502372741799995
121.2718963623,39.5030593873
121.2718963623,39.5058059693
121.2718963623,39.5071792603
121.2718963623,39.507865905799996
121.40235900879999,39.5044326783
121.40098571780001,39.5064926148
121.337814331,39.5106124878
121.33918762209998,39.5106124878
121.40098571780001,39.507865905799996
121.40098571780001,39.5085525513
121.1798858643,39.5511245728
121.1798858643,39.551811218299996
121.18125915530001,39.551811218299996
121.1798858643,39.5524978638
121.18125915530001,39.5552444458
121.18125915530001,39.5559310913
121.26502990719999,39.5751571656
121.2609100341,39.5765304566
121.25816345209999,39.577903747600004
121.2595367431,39.5772171021
121.2609100341,39.5772171021
121.2595367431,39.577903747600004
121.2622833252,39.5758438111
121.2622833252,39.5765304566
121.26502990719999,39.5758438111
121.2664031982,39.577903747600004
121.2664031982,39.5785903932
121.2677764893,39.573783874600004
121.2677764893,39.5744705201
121.2677764893,39.5772171021
121.2677764893,39.577903747600004
121.2677764893,39.5785903932
121.2746429444,39.5964431763
121.27601623540001,39.5964431763
121.7498016357,39.384956359899995
122.9624176025,39.5998764038
122.9624176025,39.6005630494
123.15330505370001,39.4275283814
123.1560516357,39.4275283814
123.15467834469999,39.4282150269
123.2109832764,39.6561813355
120.97389221190001,40.197944641199996
121.96128845209999,40.2013778687
121.9640350341,40.2006912232
121.9626617431,40.2013778687
121.9640350341,40.2013778687
121.9654083252,40.2006912232
121.9654083252,40.2013778687
121.951675415,40.2103042603
121.953048706,40.2103042603
121.951675415,40.210990905799996
121.953048706,40.210990905799996
122.0835113525,40.2466964722
122.0848846435,40.2466964722
122.0835113525,40.2473831177
122.0848846435,40.2473831177
122.08625793459998,40.2466964722
122.08763122559999,40.2466964722
122.0890045166,40.2466964722
122.0903778076,40.2466964722
122.08625793459998,40.2473831177
122.08763122559999,40.2473831177
122.0890045166,40.2473831177
122.0903778076,40.2473831177
122.0917510986,40.2466964722
122.09312438959999,40.2466964722
122.0958709716,40.2466964722
122.0917510986,40.2473831177
122.09312438959999,40.2473831177
122.0944976806,40.2473831177
122.0958709716,40.2473831177
122.0944976806,40.2480697632
122.08213806149999,40.2487564088
122.0944976806,40.2487564088
122.0944976806,40.249443054299995
122.0944976806,40.2501296998
122.0944976806,40.2508163453
122.0944976806,40.2515029908
122.0944976806,40.2521896363
122.0944976806,40.2535629273
121.9008636475,40.3421401978
121.8994903565,40.342826843299996
121.9008636475,40.342826843299996
121.90223693850001,40.342826843299996
121.90223693850001,40.3435134888
121.90223693850001,40.344200134299996
122.0944976806,40.2556228638
122.0944976806,40.256309509299996
122.0944976806,40.2569961548
122.0944976806,40.2576828003
122.0944976806,40.2583694458
122.0944976806,40.2590560913
122.0944976806,40.2597427369
122.0944976806,40.2611160279
122.0944976806,40.2618026734
122.0944976806,40.2624893189
122.0944976806,40.2631759644
122.0944976806,40.263862609899995
122.0944976806,40.2645492554
122.0944976806,40.2652359009
122.0944976806,40.2659225464
122.0944976806,40.2672958374
122.0944976806,40.2679824829
122.0944976806,40.2700424194
122.0944976806,40.270729065
122.0944976806,40.2714157105
122.0944976806,40.272102356
122.0944976806,40.2727890015
122.0944976806,40.273475647
122.0944976806,40.274848938000005
122.0944976806,40.2755355835
122.0944976806,40.2762222291
122.0944976806,40.276908874600004
122.0944976806,40.2782821656
122.0944976806,40.281028747600004
122.0903778076,40.2865219117
122.09312438959999,40.2824020387
122.0958709716,40.2817153932
122.0917510986,40.2844619752
122.0958709716,40.285835266199996
122.0890045166,40.2885818482
122.0890045166,40.2892684937
122.0903778076,40.2892684937
122.0807647705,40.2913284302
122.0807647705,40.2920150757
122.0917510986,40.287208557199996
122.0917510986,40.2878952027
122.09312438959999,40.2878952027
122.0958709716,40.2878952027
122.0944976806,40.2885818482
122.0958709716,40.2885818482
122.0917510986,40.2899551392
122.0917510986,40.2906417847
122.09312438959999,40.2906417847
122.0848846435,40.293388366799995
122.08625793459998,40.293388366799995
122.08625793459998,40.2940750123
122.08763122559999,40.2940750123
122.08625793459998,40.2968215943
122.08625793459998,40.2975082398
122.09312438959999,40.293388366799995
122.07389831540002,40.2995681763
122.07801818850001,40.298881530799996
122.07801818850001,40.2995681763
122.0793914795,40.2995681763
122.0793914795,40.300254821799996
122.0793914795,40.3016281128
122.0793914795,40.3064346314
122.0793914795,40.3071212769
122.07801818850001,40.3084945679
122.0766448975,40.3091812134
122.0766448975,40.3098678589
122.0752716065,40.3119277954
122.0752716065,40.3126144409
122.0752716065,40.3133010863
122.0807647705,40.300254821799996
122.08213806149999,40.3009414673
122.0835113525,40.3016281128
122.0807647705,40.3036880494
122.0807647705,40.3043746949
122.13020324709998,40.3304672242
122.13157653809999,40.3304672242
122.1329498291,40.3318405152
122.1343231201,40.3325271607
122.1356964111,40.3332138062
120.96153259280001,40.7019424439
120.96153259280001,40.7026290894
120.9670257569,40.7053756714
120.96839904790001,40.7046890259
120.9670257569,40.7060623169
120.9931182861,40.7122421265
120.9697723389,40.747261047399995
120.9697723389,40.7479476929
120.9711456299,40.7465744019
120.9697723389,40.7486343384
120.9697723389,40.7493209839
121.46278381350001,40.6641769409
121.4641571045,40.6641769409
121.9915008545,40.738334655799996
121.9915008545,40.7390213013
121.9928741455,40.6792831422
121.99424743649999,40.6792831422
121.9969940185,40.682716369699996
121.9969940185,40.6834030152
121.99836730959998,40.6840896607
121.99836730959998,40.6847763062
121.99836730959998,40.6854629517
121.99974060059999,40.6854629517
121.99974060059999,40.6861495972
121.99974060059999,40.6868362427
121.9928741455,40.6882095338
121.9928741455,40.688896179299995
121.9928741455,40.6895828248
121.99424743649999,40.6902694703
122.0011138916,40.6882095338
122.0024871826,40.688896179299995
122.0024871826,40.6895828248
122.0024871826,40.6902694703
121.99424743649999,40.6909561158
121.9969940185,40.6930160523
121.99974060059999,40.6909561158
121.99974060059999,40.6916427613
122.2592926025,40.6868362427
122.2592926025,40.6875228882
122.2606658935,40.6875228882
122.26341247559999,40.688896179299995
121.99424743649999,40.7376480103
121.9928741455,40.738334655799996
121.99424743649999,40.738334655799996
121.9928741455,40.7390213013
122.2702789306,40.6991958619
122.2702789306,40.6998825074
121.0535430909,40.791206359899995
121.0549163819,40.791206359899995
121.04530334469999,40.8001327515
121.04393005370001,40.8015060425
121.04393005370001,40.802192688000005
121.06727600100001,40.7973861694
121.068649292,40.7973861694
121.0576629639,40.8028793335
121.0590362549,40.8001327515
121.0604095459,40.8001327515
121.068649292,40.798072815
121.0590362549,40.800819397
121.0590362549,40.8015060425
121.072769165,40.7946395874
121.07139587399999,40.798072815
121.07139587399999,40.7987594605
121.072769165,40.7987594605
121.07688903809999,40.7987594605
121.0411834716,40.8049392701
121.0425567627,40.8035659791
121.0425567627,40.8049392701
121.0576629639,40.804252624600004
121.05628967290001,40.8049392701
121.0576629639,40.8049392701
121.05628967290001,40.8056259156
121.0549163819,40.8069992066
121.0549163819,40.8076858521
121.064529419,40.8035659791
121.064529419,40.804252624600004
121.06590271,40.804252624600004
121.06590271,40.8049392701
121.06590271,40.8056259156
121.06315612790002,40.808372497600004
121.064529419,40.8063125611
121.06590271,40.8063125611
121.064529419,40.8069992066
121.064529419,40.8076858521
121.05628967290001,40.8090591432
121.0590362549,40.8097457887
121.06315612790002,40.8090591432
121.06315612790002,40.8097457887
121.0590362549,40.8104324342
121.0604095459,40.8104324342
121.06178283690001,40.8104324342
124.144821167,39.744758606
124.144821167,39.7454452515
124.146194458,39.7454452515
124.144821167,39.7990036012
124.14344787600001,39.7996902467
124.144821167,39.7996902467
124.14344787600001,39.8003768922
124.150314331,39.8106765748
124.150314331,39.8113632203
124.14894104,39.8120498658
124.14756774899999,39.8134231568
124.14756774899999,39.8141098023
124.14894104,39.8134231568
124.15306091309999,39.8175430298
124.1571807861,39.8182296753
124.1571807861,39.8216629029
124.15855407709999,39.8216629029
124.15855407709999,39.8250961304
124.15855407709999,39.8305892944
124.1599273681,39.8305892944
124.1599273681,39.83127594
124.1599273681,39.8319625855
124.1599273681,39.8333358765
124.1599273681,39.835395813000005
124.1613006591,39.8367691041
124.1613006591,39.837455749600004
124.1626739502,39.8422622682
124.1626739502,39.8429489137
124.16404724120001,39.8429489137
124.16404724120001,39.8436355592
